Number of vertices:1000
Number of edges:4985
v0: 1,0.699839, 2,0.196773, 3,0.161129, 4,0.097274
v1: 2,0.890299, 3,0.249475, 4,0.918938
v2: 3,0.594264, 4,0.794680
v3: 4,0.189354
v4:
v5: 0,0.467211, 1,0.420785, 4,0.137029, 2,0.052549, 3,0.196481
v6: 4,0.256602, 2,0.706192, 5,0.969855, 0,0.347252, 3,0.272571
v7: 5,0.097845, 0,0.486171, 2,0.073828, 4,0.826455, 1,0.227765
v8: 7,0.040635, 0,0.952915, 4,0.635929, 2,0.055814, 3,0.063744
v9: 4,0.338798, 3,0.176181, 0,0.073312, 5,0.162234, 1,0.661712
v10: 6,0.390672, 7,0.031118, 0,0.001915, 2,0.193793, 8,0.086140
v11: 0,0.759665, 7,0.693618, 2,0.629397, 10,0.269838, 3,0.169932
v12: 2,0.049432, 10,0.803298, 11,0.031531, 3,0.946261, 4,0.804751
v13: 4,0.444129, 8,0.480371, 5,0.596141, 6,0.334385, 2,0.004850
v14: 7,0.512074, 6,0.429627, 1,0.744559, 8,0.808390, 13,0.612613
v15: 7,0.187321, 3,0.312372, 2,0.042608, 5,0.107387, 1,0.854026
v16: 3,0.613173, 14,0.602405, 1,0.613820, 9,0.467182, 12,0.922840
v17: 2,0.176797, 12,0.419530, 16,0.040488, 10,0.473889, 5,0.646921
v18: 5,0.803193, 15,0.258506, 2,0.718046, 7,0.197034, 6,0.549993
v19: 17,0.726572, 3,0.487274, 0,0.611804, 5,0.597567, 8,0.307814
v20: 8,0.427516, 3,0.266414, 19,0.626380, 13,0.568278, 15,0.048542
v21: 0,0.846261, 4,0.112309, 8,0.570171, 2,0.868431, 1,0.714573
v22: 4,0.827706, 2,0.253736, 5,0.543060, 19,0.209284, 15,0.441098
v23: 2,0.541320, 17,0.960569, 0,0.287712, 5,0.575607, 13,0.228895
v24: 10,0.035288, 0,0.085503, 19,0.042133, 6,0.136543, 4,0.878314
v25: 13,0.816730, 24,0.789046, 12,0.493205, 1,0.294274, 3,0.863010
v26: 11,0.617255, 20,0.202042, 12,0.713688, 14,0.948048, 21,0.848625
v27: 20,0.836791, 13,0.946819, 2,0.181218, 19,0.738130, 12,0.748285
v28: 18,0.431843, 26,0.983606, 16,0.466581, 2,0.832021, 10,0.771183
v29: 25,0.275832, 3,0.913994, 1,0.495073, 7,0.685458, 24,0.485901
v30: 4,0.539918, 29,0.407330, 5,0.997353, 20,0.515410, 1,0.499075
v31: 27,0.951779, 15,0.545105, 14,0.586885, 3,0.779340, 4,0.365248
v32: 6,0.717798, 24,0.024898, 5,0.465125, 12,0.352179, 10,0.064397
v33: 1,0.323514, 12,0.301805, 7,0.434490, 4,0.472195, 8,0.183316
v34: 3,0.994562, 0,0.596295, 10,0.933005, 12,0.022798, 4,0.169624
v35: 33,0.867530, 1,0.581466, 2,0.702863, 22,0.024713, 10,0.354722
v36: 3,0.815188, 35,0.863619, 23,0.836184, 7,0.749709, 11,0.360904
v37: 0,0.718551, 21,0.694350, 7,0.941176, 25,0.337433, 13,0.236357
v38: 18,0.451713, 35,0.935980, 0,0.011932, 12,0.537697, 13,0.073827
v39: 13,0.809597, 11,0.895369, 16,0.466771, 34,0.020530, 29,0.055299
v40: 12,0.417727, 34,0.729640, 22,0.064198, 8,0.971723, 1,0.744815
v41: 31,0.098759, 38,0.838846, 35,0.491317, 1,0.562792, 10,0.845554
v42: 14,0.219577, 26,0.430367, 10,0.177772, 1,0.816306, 20,0.651217
v43: 35,0.005049, 36,0.861510, 1,0.393743, 22,0.643088, 6,0.388049
v44: 1,0.941674, 15,0.712376, 2,0.902684, 0,0.417756, 7,0.231600
v45: 3,0.503316, 8,0.230272, 0,0.188326, 1,0.191065, 13,0.224180
v46: 4,0.791867, 0,0.909138, 6,0.879135, 1,0.617844, 22,0.103111
v47: 0,0.985627, 21,0.440709, 31,0.002670, 6,0.873936, 40,0.242810
v48: 18,0.901790, 0,0.381658, 19,0.517642, 13,0.002262, 4,0.010320
v49: 1,0.444137, 11,0.612699, 33,0.637062, 30,0.109172, 15,0.861280
v50: 30,0.540524, 12,0.591550, 32,0.174930, 28,0.053023, 9,0.156243
v51: 17,0.974806, 14,0.565499, 22,0.334627, 10,0.069459, 2,0.399271
v52: 3,0.542499, 18,0.773273, 10,0.407606, 17,0.628114, 2,0.714663
v53: 4,0.345349, 22,0.272386, 2,0.993508, 12,0.890966, 31,0.467174
v54: 26,0.792977, 7,0.570278, 28,0.660419, 20,0.658849, 37,0.267118
v55: 39,0.457142, 50,0.191876, 2,0.856259, 0,0.152784, 5,0.837812
v56: 7,0.100021, 53,0.050710, 22,0.279286, 16,0.956774, 5,0.508657
v57: 34,0.992506, 17,0.045786, 1,0.530411, 2,0.610487, 23,0.455031
v58: 15,0.703768, 55,0.226645, 4,0.222874, 17,0.837414, 36,0.421216
v59: 52,0.385366, 8,0.854274, 41,0.776395, 27,0.865732, 2,0.353751
v60: 1,0.487558, 13,0.389247, 2,0.078045, 42,0.709036, 17,0.768896
v61: 15,0.838381, 0,0.663531, 25,0.966309, 21,0.758795, 10,0.071980
v62: 3,0.762085, 36,0.359831, 60,0.685016, 2,0.059835, 22,0.646563
v63: 7,0.786155, 47,0.902377, 52,0.256657, 12,0.637209, 26,0.573594
v64: 13,0.400775, 51,0.833614, 55,0.555641, 10,0.652017, 3,0.454328
v65: 30,0.894309, 1,0.648907, 41,0.172843, 12,0.976551, 60,0.888134
v66: 10,0.862422, 19,0.727440, 34,0.081441, 11,0.781480, 22,0.332893
v67: 2,0.930767, 43,0.404110, 39,0.876405, 8,0.745154, 27,0.797005
v68: 37,0.266251, 4,0.881117, 7,0.926793, 18,0.614070, 42,0.680836
v69: 13,0.815674, 35,0.037424, 32,0.981357, 11,0.658972, 57,0.348134
v70: 40,0.091934, 22,0.135837, 30,0.009038, 43,0.895677, 20,0.647538
v71: 0,0.169383, 1,0.821196, 15,0.835005, 52,0.928419, 60,0.944057
v72: 44,0.767006, 21,0.069387, 1,0.185456, 10,0.952322, 7,0.677038
v73: 13,0.982695, 28,0.158962, 10,0.677578, 2,0.054686, 46,0.106853
v74: 52,0.876038, 2,0.565656, 7,0.979470, 22,0.949584, 48,0.661853
v75: 1,0.768081, 68,0.133485, 33,0.475033, 18,0.885718, 2,0.257082
v76: 16,0.772737, 25,0.389640, 39,0.685575, 2,0.459743, 22,0.896239
v77: 40,0.092009, 2,0.395225, 52,0.543754, 10,0.881704, 11,0.792166
v78: 19,0.942158, 28,0.857623, 3,0.066468, 30,0.123199, 6,0.604499
v79: 13,0.809049, 4,0.689688, 1,0.590383, 15,0.571957, 60,0.882776
v80: 17,0.815160, 10,0.395273, 30,0.351866, 69,0.816018, 4,0.819710
v81: 60,0.861530, 52,0.738722, 24,0.697252, 2,0.715046, 28,0.780839
v82: 14,0.559434, 2,0.404659, 53,0.097395, 63,0.909455, 71,0.209589
v83: 7,0.558433, 64,0.576399, 19,0.545329, 31,0.345671, 33,0.695927
v84: 6,0.444549, 0,0.533957, 13,0.211545, 81,0.431461, 61,0.564097
v85: 25,0.779697, 19,0.366938, 12,0.128324, 2,0.744250, 41,0.612041
v86: 60,0.572024, 16,0.011229, 55,0.722681, 71,0.104259, 27,0.279788
v87: 76,0.392912, 1,0.668950, 50,0.036564, 20,0.526788, 2,0.728824
v88: 11,0.344940, 12,0.411384, 2,0.128457, 51,0.974053, 67,0.911723
v89: 62,0.328765, 34,0.561665, 26,0.903525, 61,0.547076, 50,0.714349
v90: 22,0.060530, 27,0.328640, 84,0.454853, 86,0.720184, 57,0.127974
v91: 38,0.850736, 78,0.316822, 20,0.829436, 10,0.326436, 40,0.411591
v92: 10,0.611301, 87,0.131306, 11,0.858574, 51,0.058573, 83,0.441055
v93: 14,0.806870, 17,0.059917, 60,0.017461, 31,0.471277, 28,0.753034
v94: 74,0.248365, 0,0.277583, 65,0.340508, 42,0.923930, 14,0.492880
v95: 23,0.831273, 0,0.198442, 71,0.212230, 55,0.943706, 46,0.862793
v96: 1,0.962012, 35,0.530392, 11,0.292799, 44,0.073135, 43,0.172529
v97: 1,0.700490, 10,0.135173, 14,0.846123, 20,0.786155, 78,0.908779
v98: 8,0.854568, 31,0.722363, 13,0.749402, 7,0.204376, 35,0.942229
v99: 24,0.038137, 50,0.963356, 2,0.118788, 81,0.473098, 87,0.353606
v100: 26,0.055436, 10,0.706204, 64,0.168120, 5,0.594040, 71,0.022198
v101: 20,0.081637, 84,0.078596, 0,0.966895, 5,0.607717, 91,0.907637
v102: 46,0.656484, 49,0.528047, 39,0.894058, 88,0.430767, 26,0.908857
v103: 1,0.154074, 2,0.519782, 62,0.968310, 82,0.389581, 8,0.679863
v104: 8,0.459353, 3,0.345521, 60,0.174106, 5,0.206916, 64,0.631434
v105: 7,0.507386, 0,0.639455, 23,0.316119, 2,0.016416, 11,0.899004
v106: 61,0.561139, 97,0.064627, 53,0.189130, 12,0.709200, 2,0.526439
v107: 37,0.862655, 50,0.642753, 0,0.753791, 5,0.967225, 20,0.151690
v108: 2,0.462162, 67,0.554173, 51,0.980648, 3,0.754791, 1,0.768546
v109: 62,0.950689, 16,0.232427, 7,0.394080, 12,0.309701, 3,0.139714
v110: 3,0.174761, 96,0.212544, 10,0.226028, 102,0.845985, 47,0.462569
v111: 30,0.391782, 54,0.679251, 22,0.167396, 87,0.418753, 28,0.973628
v112: 43,0.772032, 52,0.534616, 3,0.294834, 16,0.275527, 11,0.774308
v113: 99,0.788070, 61,0.091898, 2,0.523165, 5,0.836368, 4,0.844240
v114: 49,0.139261, 17,0.551737, 1,0.039212, 4,0.041314, 2,0.361789
v115: 22,0.583519, 8,0.203033, 34,0.376255, 53,0.713601, 6,0.492132
v116: 23,0.268510, 48,0.845519, 61,0.638727, 31,0.090344, 68,0.417575
v117: 67,0.179465, 22,0.265158, 8,0.511117, 48,0.351228, 2,0.091051
v118: 41,0.301737, 23,0.285391, 74,0.567989, 67,0.187490, 73,0.147592
v119: 28,0.579429, 18,0.469432, 63,0.744067, 10,0.536434, 2,0.852040
v120: 16,0.231713, 77,0.393838, 6,0.235301, 13,0.698745, 1,0.799632
v121: 6,0.412515, 60,0.134998, 18,0.912541, 2,0.082412, 8,0.099045
v122: 90,0.649669, 107,0.980462, 92,0.620713, 6,0.329746, 72,0.043811
v123: 13,0.328448, 41,0.221091, 98,0.884576, 49,0.076106, 8,0.120027
v124: 119,0.287530, 53,0.521155, 85,0.055552, 96,0.656958, 16,0.487966
v125: 24,0.243018, 17,0.402180, 22,0.446631, 61,0.531625, 41,0.025665
v126: 120,0.353856, 68,0.253977, 55,0.599569, 11,0.954870, 1,0.502461
v127: 63,0.867147, 125,0.145694, 76,0.680455, 43,0.411771, 11,0.636889
v128: 57,0.193286, 68,0.564476, 8,0.154423, 86,0.394599, 22,0.019753
v129: 5,0.991054, 4,0.649491, 72,0.989513, 84,0.744983, 85,0.933000
v130: 21,0.933445, 44,0.402697, 4,0.121567, 53,0.172910, 50,0.099314
v131: 27,0.167683, 60,0.246339, 91,0.216715, 20,0.336553, 54,0.447391
v132: 11,0.306490, 53,0.184184, 2,0.587195, 4,0.984564, 68,0.569688
v133: 67,0.750326, 35,0.723839, 15,0.561521, 11,0.479495, 8,0.874106
v134: 108,0.100327, 1,0.189770, 114,0.463265, 76,0.101909, 15,0.779382
v135: 61,0.074677, 19,0.092142, 35,0.624934, 95,0.264983, 103,0.571181
v136: 49,0.838801, 25,0.729795, 35,0.672930, 26,0.936493, 67,0.644441
v137: 53,0.112632, 109,0.011024, 27,0.281059, 19,0.756536, 16,0.106168
v138: 136,0.373349, 60,0.874599, 10,0.391254, 117,0.797942, 67,0.006175
v139: 35,0.788363, 101,0.014473, 73,0.240387, 123,0.182685, 48,0.393666
v140: 53,0.346877, 48,0.968039, 52,0.832607, 58,0.618877, 59,0.460057
v141: 59,0.178358, 30,0.655218, 5,0.250043, 53,0.480241, 0,0.416207
v142: 1,0.193489, 34,0.965222, 25,0.480279, 2,0.041620, 33,0.509677
v143: 37,0.142124, 22,0.670971, 86,0.004329, 82,0.757216, 126,0.524450
v144: 117,0.429360, 68,0.259416, 16,0.001223, 4,0.558964, 31,0.511069
v145: 68,0.531189, 87,0.693148, 35,0.731682, 49,0.383218, 17,0.749620
v146: 3,0.862906, 2,0.859750, 134,0.813261, 108,0.471325, 133,0.557123
v147: 2,0.572257, 17,0.923991, 5,0.513712, 3,0.962669, 24,0.578642
v148: 38,0.242187, 87,0.438318, 17,0.804262, 21,0.226528, 18,0.249736
v149: 3,0.319494, 2,0.741017, 46,0.266007, 13,0.774981, 84,0.100093
v150: 134,0.259359, 69,0.054522, 61,0.353497, 89,0.224480, 14,0.835281
v151: 93,0.569809, 54,0.771626, 8,0.725307, 6,0.236873, 106,0.131767
v152: 4,0.602978, 1,0.251461, 35,0.308710, 42,0.495962, 13,0.626051
v153: 88,0.044231, 77,0.389226, 4,0.719723, 1,0.382944, 39,0.134825
v154: 2,0.000741, 51,0.448333, 10,0.138922, 62,0.868086, 126,0.929783
v155: 78,0.855440, 20,0.380284, 49,0.425900, 43,0.100656, 42,0.729157
v156: 44,0.936646, 112,0.214879, 67,0.463006, 53,0.733809, 153,0.119837
v157: 138,0.098621, 106,0.528612, 2,0.377786, 52,0.450155, 117,0.747712
v158: 19,0.789834, 35,0.743992, 30,0.265690, 135,0.455992, 129,0.862364
v159: 88,0.747868, 98,0.417264, 50,0.952538, 6,0.306431, 114,0.185031
v160: 37,0.815472, 10,0.631106, 59,0.000596, 127,0.020961, 5,0.299316
v161: 56,0.610592, 87,0.215416, 46,0.498455, 98,0.531766, 93,0.397047
v162: 49,0.172125, 74,0.910997, 135,0.130892, 127,0.895039, 88,0.916960
v163: 50,0.338816, 0,0.476040, 20,0.812127, 30,0.424548, 1,0.382866
v164: 136,0.834607, 4,0.233383, 11,0.469341, 41,0.216556, 49,0.648634
v165: 2,0.583280, 141,0.192214, 35,0.548276, 65,0.876109, 21,0.765775
v166: 15,0.378517, 74,0.736506, 8,0.449033, 127,0.894567, 21,0.991994
v167: 14,0.437618, 22,0.037996, 134,0.605842, 51,0.385479, 7,0.748709
v168: 100,0.550317, 32,0.178812, 167,0.287384, 90,0.059512, 17,0.211971
v169: 50,0.603757, 3,0.344672, 86,0.898300, 11,0.731386, 150,0.409404
v170: 18,0.854499, 33,0.568545, 8,0.527910, 126,0.578540, 19,0.529230
v171: 105,0.762627, 8,0.467393, 154,0.472154, 133,0.484484, 7,0.722383
v172: 10,0.085866, 13,0.145426, 7,0.170635, 8,0.865958, 167,0.159659
v173: 12,0.393168, 13,0.968193, 5,0.426649, 122,0.687219, 0,0.088493
v174: 1,0.305933, 34,0.823291, 5,0.053393, 28,0.371241, 26,0.447748
v175: 9,0.307907, 80,0.990888, 158,0.860360, 20,0.078726, 10,0.142681
v176: 66,0.033586, 20,0.476445, 11,0.603710, 36,0.549419, 141,0.080571
v177: 87,0.163387, 51,0.052199, 74,0.309971, 22,0.687703, 159,0.230367
v178: 16,0.776930, 20,0.862840, 99,0.748084, 90,0.054295, 127,0.535755
v179: 7,0.433735, 75,0.781088, 8,0.742206, 5,0.249381, 34,0.339420
v180: 20,0.637861, 105,0.528555, 7,0.419729, 3,0.383357, 18,0.077800
v181: 67,0.592585, 50,0.575391, 22,0.595855, 31,0.536343, 7,0.316913
v182: 55,0.357644, 15,0.921100, 120,0.929224, 34,0.470661, 89,0.393152
v183: 152,0.705133, 62,0.178514, 13,0.281129, 10,0.940259, 7,0.933550
v184: 158,0.167120, 132,0.789753, 103,0.370378, 60,0.936955, 34,0.410289
v185: 177,0.719060, 117,0.237263, 19,0.671512, 35,0.104902, 55,0.081109
v186: 52,0.193546, 23,0.930612, 27,0.797984, 165,0.713718, 22,0.462100
v187: 59,0.513626, 12,0.505563, 165,0.004784, 46,0.398906, 56,0.415406
v188: 84,0.732768, 7,0.624176, 152,0.530134, 30,0.965372, 9,0.015474
v189: 33,0.077333, 18,0.741696, 7,0.679358, 17,0.962186, 71,0.453556
v190: 27,0.919746, 42,0.172185, 143,0.914103, 67,0.329198, 64,0.829185
v191: 1,0.104368, 3,0.115635, 121,0.474952, 151,0.520588, 89,0.515309
v192: 92,0.803202, 126,0.423079, 2,0.694655, 52,0.065749, 138,0.044967
v193: 3,0.756040, 51,0.761044, 73,0.865994, 23,0.764833, 88,0.552636
v194: 28,0.149732, 183,0.548100, 47,0.913852, 12,0.107576, 4,0.030882
v195: 174,0.037523, 67,0.647974, 39,0.499420, 157,0.745890, 103,0.178877
v196: 1,0.386276, 105,0.148807, 48,0.999656, 71,0.210130, 10,0.659710
v197: 50,0.738693, 2,0.218904, 38,0.125435, 12,0.183546, 169,0.863371
v198: 141,0.671108, 135,0.311926, 0,0.542512, 23,0.998094, 6,0.962108
v199: 15,0.146600, 28,0.898353, 93,0.617010, 4,0.093973, 31,0.397153
v200: 2,0.958823, 149,0.935728, 32,0.781106, 61,0.050956, 172,0.415123
v201: 8,0.969381, 129,0.385565, 82,0.196071, 36,0.359630, 3,0.293466
v202: 138,0.290881, 200,0.835795, 49,0.210136, 20,0.752812, 78,0.512221
v203: 9,0.899817, 166,0.227404, 90,0.982603, 85,0.601851, 12,0.313862
v204: 22,0.086598, 7,0.452556, 103,0.104784, 45,0.102822, 59,0.123762
v205: 11,0.062110, 139,0.886837, 64,0.073583, 95,0.710653, 109,0.951896
v206: 127,0.513351, 8,0.893688, 2,0.206213, 25,0.828275, 150,0.817567
v207: 46,0.851709, 34,0.668612, 93,0.360959, 15,0.638205, 152,0.305221
v208: 146,0.855771, 2,0.938485, 13,0.116124, 114,0.688821, 184,0.007697
v209: 66,0.368217, 44,0.620458, 114,0.031950, 2,0.988217, 22,0.955002
v210: 88,0.711697, 151,0.485522, 93,0.171649, 7,0.898345, 48,0.480315
v211: 1,0.654965, 35,0.994596, 110,0.175619, 0,0.623159, 6,0.439958
v212: 144,0.369689, 160,0.363978, 73,0.378357, 0,0.039445, 186,0.948785
v213: 197,0.233275, 60,0.652731, 206,0.454398, 79,0.074878, 147,0.466559
v214: 27,0.457670, 95,0.055701, 50,0.162061, 91,0.760884, 175,0.172573
v215: 15,0.429657, 168,0.247818, 31,0.082781, 134,0.301646, 5,0.766755
v216: 35,0.844040, 160,0.775166, 63,0.217343, 105,0.891915, 119,0.409958
v217: 13,0.159692, 0,0.947908, 180,0.498155, 107,0.487491, 12,0.267220
v218: 137,0.163048, 205,0.352020, 6,0.392733, 204,0.663389, 152,0.579783
v219: 53,0.414906, 168,0.318661, 18,0.742757, 30,0.515058, 106,0.584492
v220: 162,0.556834, 52,0.712990, 46,0.215937, 205,0.258847, 36,0.434160
v221: 190,0.925209, 178,0.986743, 25,0.188824, 0,0.563394, 7,0.956886
v222: 1,0.385733, 184,0.015614, 43,0.426262, 87,0.178051, 160,0.504708
v223: 99,0.626280, 0,0.884521, 123,0.140339, 44,0.672850, 49,0.581577
v224: 196,0.559482, 15,0.208043, 7,0.582885, 6,0.551384, 155,0.104281
v225: 119,0.648120, 145,0.955835, 160,0.722228, 212,0.487722, 70,0.151283
v226: 61,0.605010, 2,0.405713, 74,0.821554, 157,0.855205, 76,0.425815
v227: 51,0.669996, 44,0.621484, 183,0.283749, 202,0.970763, 135,0.612007
v228: 7,0.994548, 215,0.363993, 139,0.628378, 205,0.145625, 13,0.516408
v229: 88,0.270389, 153,0.434898, 4,0.324565, 75,0.962187, 90,0.478804
v230: 7,0.260651, 13,0.754954, 20,0.519429, 148,0.036306, 16,0.191520
v231: 10,0.870300, 40,0.133211, 56,0.885157, 4,0.839870, 178,0.693011
v232: 26,0.440419, 129,0.117286, 17,0.224284, 150,0.532984, 25,0.857790
v233: 88,0.883953, 19,0.595393, 123,0.764884, 182,0.397891, 2,0.362389
v234: 32,0.678502, 3,0.586750, 93,0.501984, 42,0.841965, 164,0.903119
v235: 211,0.716261, 213,0.190546, 93,0.513345, 33,0.786748, 25,0.873876
v236: 49,0.237153, 192,0.822165, 115,0.120177, 14,0.810290, 61,0.543323
v237: 6,0.630713, 12,0.399132, 15,0.212041, 215,0.766098, 105,0.810816
v238: 9,0.378331, 210,0.614379, 139,0.868436, 125,0.797016, 120,0.446766
v239: 72,0.800200, 13,0.963550, 153,0.379363, 42,0.957167, 19,0.109307
v240: 16,0.121497, 75,0.996051, 39,0.630573, 161,0.039779, 4,0.567351
v241: 61,0.474459, 51,0.224746, 7,0.301407, 60,0.740150, 138,0.704342
v242: 12,0.881739, 206,0.393670, 35,0.410404, 6,0.660265, 78,0.081007
v243: 190,0.481997, 1,0.931723, 22,0.470073, 26,0.516368, 135,0.594950
v244: 147,0.329168, 84,0.318443, 42,0.079852, 49,0.067914, 87,0.425993
v245: 197,0.663441, 29,0.457769, 165,0.718593, 156,0.390521, 238,0.490506
v246: 169,0.942053, 43,0.082892, 87,0.163015, 118,0.793522, 27,0.724633
v247: 20,0.911992, 156,0.847719, 7,0.612077, 75,0.172166, 15,0.591899
v248: 61,0.049998, 72,0.313675, 46,0.937087, 100,0.621238, 7,0.144210
v249: 31,0.740783, 9,0.333781, 13,0.849471, 63,0.051246, 38,0.297627
v250: 2,0.213127, 199,0.032633, 8,0.456822, 93,0.798991, 7,0.638735
v251: 10,0.215840, 169,0.626008, 7,0.310806, 109,0.720023, 55,0.433769
v252: 136,0.361781, 52,0.451472, 57,0.897471, 67,0.803259, 13,0.368575
v253: 48,0.643303, 106,0.989118, 105,0.108754, 224,0.833224, 19,0.001385
v254: 247,0.279034, 38,0.732413, 44,0.672129, 20,0.463798, 7,0.050579
v255: 127,0.086345, 166,0.200075, 74,0.652983, 1,0.684191, 95,0.198631
v256: 254,0.385361, 96,0.756068, 122,0.240229, 26,0.530149, 54,0.211895
v257: 134,0.324263, 8,0.889377, 1,0.762201, 80,0.314569, 0,0.957596
v258: 109,0.311922, 204,0.479463, 20,0.329672, 2,0.805632, 19,0.261137
v259: 56,0.925488, 5,0.681805, 50,0.102544, 206,0.462994, 43,0.546977
v260: 200,0.049758, 34,0.288370, 3,0.632662, 198,0.158295, 1,0.456459
v261: 219,0.698633, 121,0.931313, 48,0.580191, 222,0.276878, 4,0.494398
v262: 47,0.354730, 1,0.943126, 131,0.111841, 115,0.716386, 52,0.303416
v263: 13,0.506934, 49,0.044370, 3,0.732691, 219,0.342702, 102,0.795779
v264: 36,0.661127, 91,0.560173, 33,0.835414, 51,0.802445, 32,0.687988
v265: 0,0.011175, 16,0.818657, 44,0.174351, 34,0.309021, 15,0.716173
v266: 18,0.725356, 29,0.060951, 170,0.403169, 84,0.065379, 35,0.817102
v267: 193,0.034974, 84,0.803486, 226,0.188916, 108,0.104594, 6,0.904278
v268: 28,0.208201, 19,0.234193, 33,0.081722, 101,0.496860, 88,0.718711
v269: 80,0.381784, 169,0.649944, 37,0.604179, 186,0.435957, 1,0.131230
v270: 129,0.579299, 76,0.286337, 83,0.461905, 10,0.232256, 30,0.525591
v271: 10,0.605742, 157,0.699444, 260,0.563009, 219,0.495757, 93,0.180891
v272: 186,0.241428, 103,0.682001, 255,0.390300, 230,0.777802, 93,0.519962
v273: 252,0.007728, 91,0.878833, 68,0.540369, 67,0.989986, 138,0.698774
v274: 18,0.287872, 266,0.265890, 210,0.817418, 153,0.342371, 59,0.233751
v275: 12,0.648925, 55,0.481007, 27,0.276959, 144,0.847695, 35,0.211367
v276: 244,0.437413, 215,0.599403, 196,0.163243, 169,0.631120, 86,0.226747
v277: 35,0.936888, 17,0.270707, 262,0.764804, 50,0.057508, 8,0.543103
v278: 216,0.932996, 68,0.871906, 255,0.121068, 43,0.796918, 240,0.806923
v279: 225,0.950526, 0,0.491601, 206,0.334522, 56,0.303447, 256,0.028914
v280: 2,0.957151, 117,0.829655, 81,0.013251, 4,0.706678, 222,0.144059
v281: 71,0.200852, 215,0.717705, 203,0.476232, 128,0.030683, 12,0.682233
v282: 151,0.293592, 50,0.408109, 163,0.095933, 52,0.339923, 87,0.079751
v283: 19,0.369122, 35,0.833699, 235,0.972206, 4,0.860133, 60,0.262040
v284: 36,0.109537, 0,0.986111, 167,0.566609, 9,0.005041, 159,0.723022
v285: 275,0.832582, 13,0.206912, 198,0.573965, 123,0.625408, 3,0.229574
v286: 190,0.448201, 89,0.906591, 13,0.081699, 225,0.112522, 49,0.161011
v287: 211,0.115622, 40,0.259265, 17,0.470684, 136,0.788235, 51,0.864217
v288: 98,0.890784, 80,0.398439, 10,0.563171, 54,0.212235, 264,0.026391
v289: 111,0.559525, 23,0.932241, 252,0.169035, 136,0.978662, 27,0.376938
v290: 141,0.198900, 60,0.906224, 4,0.901700, 17,0.876568, 134,0.485604
v291: 22,0.542750, 269,0.003450, 133,0.976710, 12,0.571577, 155,0.486918
v292: 256,0.635471, 75,0.369474, 12,0.749706, 215,0.307028, 3,0.212418
v293: 152,0.107312, 88,0.593667, 283,0.767771, 244,0.921318, 99,0.596575
v294: 7,0.631269, 20,0.735474, 118,0.111801, 5,0.045526, 40,0.147292
v295: 209,0.529926, 15,0.472362, 223,0.990635, 206,0.599169, 43,0.225367
v296: 228,0.735326, 48,0.630858, 52,0.829760, 5,0.771366, 121,0.355407
v297: 25,0.323637, 153,0.366487, 212,0.549918, 75,0.467849, 278,0.133269
v298: 15,0.852231, 141,0.438200, 12,0.820254, 3,0.002620, 64,0.033744
v299: 24,0.135101, 7,0.648031, 26,0.455395, 22,0.823636, 157,0.857773
v300: 22,0.582591, 11,0.601322, 37,0.426347, 17,0.615912, 28,0.627146
v301: 229,0.436073, 241,0.086758, 9,0.137196, 117,0.854562, 82,0.618468
v302: 25,0.585265, 105,0.543724, 22,0.361727, 194,0.553060, 218,0.280157
v303: 230,0.601508, 84,0.543981, 25,0.693818, 196,0.007242, 187,0.716125
v304: 219,0.915781, 197,0.529070, 194,0.077431, 188,0.378432, 34,0.308530
v305: 27,0.458822, 117,0.414296, 157,0.064873, 57,0.325781, 13,0.401737
v306: 194,0.986301, 3,0.765834, 49,0.364389, 8,0.288602, 238,0.540259
v307: 44,0.134385, 1,0.615356, 22,0.288401, 210,0.154212, 117,0.836496
v308: 256,0.995130, 21,0.143425, 0,0.540014, 248,0.020368, 9,0.330103
v309: 160,0.039131, 43,0.667215, 7,0.877711, 13,0.690285, 53,0.623421
v310: 76,0.834081, 8,0.392380, 13,0.727730, 212,0.953575, 127,0.737657
v311: 275,0.802908, 52,0.480093, 35,0.926882, 154,0.100752, 170,0.335996
v312: 105,0.091468, 11,0.299184, 52,0.380241, 142,0.708089, 222,0.849341
v313: 49,0.875821, 59,0.922497, 97,0.402165, 148,0.183313, 53,0.942743
v314: 43,0.684600, 52,0.070167, 15,0.300275, 11,0.717745, 109,0.138758
v315: 152,0.099062, 22,0.939573, 30,0.403210, 3,0.753058, 291,0.647933
v316: 24,0.807819, 109,0.014628, 304,0.847765, 71,0.391419, 17,0.573571
v317: 19,0.014278, 123,0.971485, 293,0.742409, 216,0.673902, 246,0.277076
v318: 30,0.813851, 9,0.397579, 39,0.117665, 209,0.602845, 27,0.014161
v319: 13,0.995827, 291,0.869322, 301,0.688789, 0,0.472374, 1,0.183508
v320: 186,0.216420, 20,0.362927, 303,0.709178, 49,0.146657, 102,0.859948
v321: 93,0.138888, 100,0.297489, 28,0.904262, 169,0.938215, 33,0.575115
v322: 82,0.964922, 265,0.443259, 311,0.847322, 40,0.946734, 50,0.751818
v323: 3,0.808041, 126,0.747845, 6,0.030399, 14,0.908132, 71,0.979750
v324: 33,0.650360, 111,0.598159, 206,0.259567, 234,0.538172, 83,0.059142
v325: 77,0.998679, 9,0.806052, 53,0.324224, 81,0.227767, 322,0.083743
v326: 267,0.463052, 138,0.510043, 15,0.300741, 200,0.545687, 1,0.365996
v327: 263,0.297927, 134,0.260173, 19,0.726837, 193,0.950183, 241,0.720115
v328: 14,0.976495, 50,0.959042, 205,0.616978, 71,0.552826, 188,0.348330
v329: 47,0.384425, 83,0.031006, 40,0.123243, 0,0.336976, 5,0.562179
v330: 300,0.547398, 91,0.114880, 270,0.790474, 48,0.491984, 261,0.767836
v331: 264,0.022989, 288,0.381785, 2,0.658842, 89,0.162644, 100,0.559208
v332: 13,0.616430, 316,0.335648, 74,0.242932, 25,0.951633, 36,0.101439
v333: 13,0.885604, 18,0.351564, 71,0.741307, 20,0.139424, 125,0.303355
v334: 33,0.489381, 71,0.027307, 0,0.951121, 176,0.487150, 146,0.530640
v335: 3,0.463557, 73,0.007352, 82,0.560386, 196,0.400943, 126,0.656429
v336: 318,0.605068, 24,0.379627, 314,0.383910, 231,0.381499, 298,0.848231
v337: 146,0.225019, 12,0.902631, 22,0.515791, 0,0.896130, 307,0.256749
v338: 7,0.178519, 337,0.362516, 233,0.801718, 74,0.473295, 199,0.669842
v339: 47,0.036254, 25,0.326956, 188,0.153919, 28,0.924479, 22,0.722384
v340: 290,0.108687, 107,0.709616, 13,0.515755, 1,0.289743, 215,0.708924
v341: 127,0.878155, 270,0.150294, 81,0.996163, 8,0.515538, 300,0.652978
v342: 241,0.597991, 5,0.441432, 93,0.148342, 1,0.183515, 23,0.341876
v343: 34,0.913671, 1,0.062492, 39,0.308271, 311,0.118763, 147,0.054645
v344: 21,0.422687, 229,0.105674, 303,0.059600, 65,0.702237, 76,0.503224
v345: 40,0.687703, 42,0.221821, 2,0.137665, 135,0.741828, 34,0.902140
v346: 270,0.272472, 310,0.432323, 209,0.061014, 163,0.460817, 3,0.950530
v347: 194,0.564738, 340,0.555152, 341,0.435183, 56,0.114397, 19,0.666984
v348: 28,0.003251, 67,0.645189, 2,0.697458, 129,0.168972, 86,0.905964
v349: 72,0.544620, 13,0.422229, 127,0.401842, 160,0.758606, 12,0.892572
v350: 99,0.456416, 79,0.986927, 128,0.279473, 87,0.099007, 67,0.009832
v351: 5,0.240130, 3,0.863203, 30,0.846861, 42,0.191083, 83,0.539129
v352: 218,0.135537, 61,0.978514, 21,0.877744, 1,0.237012, 97,0.458687
v353: 38,0.155073, 284,0.314646, 130,0.248634, 306,0.785454, 34,0.133412
v354: 3,0.255435, 88,0.089116, 7,0.768513, 291,0.405379, 99,0.205500
v355: 35,0.837651, 304,0.403109, 6,0.049680, 13,0.974495, 27,0.331865
v356: 190,0.648015, 2,0.189611, 106,0.800351, 69,0.501031, 256,0.824111
v357: 59,0.825940, 115,0.572379, 41,0.980745, 137,0.381361, 12,0.530131
v358: 136,0.916012, 47,0.406645, 137,0.474566, 15,0.035314, 235,0.516391
v359: 7,0.986597, 157,0.743162, 352,0.319977, 2,0.849753, 0,0.806008
v360: 89,0.581595, 319,0.870126, 229,0.205930, 186,0.069334, 29,0.292420
v361: 138,0.701468, 14,0.576144, 331,0.250742, 10,0.220570, 2,0.120663
v362: 234,0.981708, 320,0.569470, 190,0.080353, 61,0.498072, 49,0.091416
v363: 102,0.425033, 14,0.530070, 107,0.882837, 60,0.840156, 10,0.504773
v364: 7,0.714098, 117,0.847846, 17,0.746492, 317,0.289286, 323,0.030974
v365: 119,0.572626, 127,0.127429, 52,0.705342, 31,0.676016, 302,0.808659
v366: 56,0.135879, 219,0.715054, 340,0.919546, 17,0.803653, 274,0.997784
v367: 184,0.753683, 10,0.143204, 67,0.823248, 19,0.330166, 206,0.095776
v368: 35,0.715530, 109,0.907866, 275,0.503246, 61,0.060911, 281,0.732786
v369: 331,0.933060, 278,0.932019, 294,0.440624, 276,0.560231, 297,0.801892
v370: 114,0.403902, 212,0.389226, 144,0.715966, 309,0.244805, 44,0.444270
v371: 60,0.848677, 350,0.720059, 227,0.038513, 31,0.286671, 301,0.074718
v372: 1,0.793165, 3,0.727694, 61,0.344903, 236,0.780798, 38,0.865791
v373: 156,0.342033, 227,0.553294, 8,0.206913, 212,0.582104, 225,0.424708
v374: 177,0.059109, 345,0.444338, 349,0.984518, 2,0.799253, 228,0.038923
v375: 4,0.180317, 0,0.583884, 180,0.339877, 213,0.312845, 7,0.981262
v376: 299,0.068177, 12,0.845778, 177,0.998539, 44,0.451372, 61,0.207594
v377: 138,0.032505, 173,0.311802, 159,0.448168, 178,0.354449, 8,0.222283
v378: 11,0.912647, 4,0.852854, 315,0.919790, 183,0.907629, 34,0.520055
v379: 335,0.561325, 8,0.182081, 1,0.241668, 304,0.710374, 254,0.257538
v380: 104,0.438032, 39,0.998566, 13,0.894634, 59,0.113301, 91,0.251138
v381: 71,0.879323, 102,0.786193, 367,0.545885, 37,0.688212, 235,0.773616
v382: 363,0.163392, 22,0.121337, 7,0.314792, 306,0.705120, 32,0.945632
v383: 49,0.242705, 110,0.148292, 54,0.340224, 189,0.145204, 106,0.440204
v384: 0,0.510778, 328,0.638440, 288,0.266436, 128,0.997248, 80,0.749445
v385: 111,0.917945, 0,0.900063, 206,0.353388, 21,0.389134, 208,0.171659
v386: 74,0.076911, 301,0.646489, 10,0.545996, 80,0.556006, 87,0.792907
v387: 173,0.395955, 36,0.809921, 291,0.347069, 0,0.190774, 266,0.331470
v388: 35,0.022845, 76,0.952730, 63,0.538612, 6,0.450005, 114,0.235064
v389: 49,0.714489, 25,0.410906, 108,0.099486, 2,0.067188, 81,0.234552
v390: 304,0.120877, 13,0.578778, 280,0.520741, 10,0.086882, 95,0.226555
v391: 19,0.708636, 34,0.037702, 8,0.659084, 90,0.216492, 107,0.581946
v392: 175,0.771983, 20,0.720431, 32,0.287196, 202,0.898253, 314,0.942433
v393: 182,0.479595, 189,0.548785, 8,0.424696, 380,0.861008, 80,0.959844
v394: 380,0.102603, 23,0.447113, 285,0.634610, 56,0.885392, 3,0.790558
v395: 1,0.916164, 184,0.962220, 195,0.034680, 127,0.863591, 92,0.378569
v396: 34,0.603699, 150,0.362110, 35,0.986688, 22,0.261211, 114,0.178592
v397: 341,0.591678, 241,0.337497, 287,0.311567, 105,0.507661, 237,0.261959
v398: 174,0.743006, 113,0.699074, 285,0.343722, 35,0.940106, 270,0.366767
v399: 25,0.244894, 1,0.934653, 45,0.721211, 22,0.397170, 46,0.241785
v400: 149,0.684458, 136,0.691530, 9,0.546476, 129,0.614591, 215,0.438763
v401: 141,0.283665, 244,0.549909, 22,0.321183, 255,0.115119, 225,0.808493
v402: 259,0.334727, 113,0.762225, 228,0.707468, 152,0.417636, 238,0.210307
v403: 7,0.633386, 54,0.310525, 6,0.994704, 215,0.994960, 34,0.292005
v404: 125,0.719971, 47,0.555306, 333,0.034289, 169,0.287688, 103,0.172064
v405: 113,0.877463, 83,0.513665, 118,0.167400, 43,0.497838, 29,0.162978
v406: 2,0.163812, 122,0.194199, 37,0.907768, 152,0.858104, 252,0.160154
v407: 234,0.716034, 52,0.382079, 314,0.594879, 2,0.124861, 107,0.546680
v408: 72,0.044083, 4,0.902914, 6,0.269034, 8,0.661767, 188,0.326315
v409: 2,0.373691, 283,0.618184, 53,0.817065, 55,0.409373, 284,0.330391
v410: 5,0.877486, 278,0.906298, 258,0.155156, 379,0.705642, 2,0.722796
v411: 333,0.030579, 126,0.938659, 151,0.042074, 261,0.143220, 58,0.102242
v412: 183,0.389237, 71,0.914302, 59,0.675433, 47,0.994345, 0,0.960321
v413: 314,0.107390, 103,0.902213, 76,0.491335, 190,0.864373, 33,0.522682
v414: 20,0.715062, 345,0.054551, 3,0.830499, 143,0.189592, 127,0.468458
v415: 245,0.378049, 113,0.869212, 0,0.849795, 204,0.512142, 186,0.578530
v416: 151,0.360321, 120,0.914083, 317,0.993329, 2,0.885006, 43,0.301966
v417: 115,0.145223, 105,0.768959, 269,0.887106, 153,0.595604, 201,0.323878
v418: 135,0.417823, 262,0.349026, 206,0.074094, 74,0.291359, 62,0.878211
v419: 321,0.098921, 10,0.559926, 2,0.681036, 178,0.176818, 0,0.782071
v420: 16,0.265448, 0,0.379229, 79,0.696982, 312,0.179931, 259,0.104895
v421: 13,0.965803, 45,0.247313, 221,0.597400, 12,0.505590, 60,0.454009
v422: 37,0.536408, 1,0.405295, 16,0.791690, 12,0.930836, 291,0.568470
v423: 183,0.279299, 65,0.171358, 136,0.011732, 118,0.179230, 274,0.315103
v424: 117,0.942526, 103,0.033458, 136,0.324318, 7,0.816575, 283,0.175500
v425: 263,0.632695, 40,0.697375, 222,0.779306, 235,0.793226, 315,0.752400
v426: 6,0.587504, 28,0.185633, 113,0.927563, 226,0.556428, 287,0.879560
v427: 312,0.758514, 132,0.339484, 329,0.703124, 43,0.399974, 6,0.371343
v428: 15,0.170113, 22,0.092019, 334,0.565354, 67,0.912193, 292,0.230197
v429: 10,0.928734, 47,0.236365, 59,0.592415, 49,0.722335, 319,0.284414
v430: 180,0.149769, 3,0.163221, 26,0.257849, 30,0.663479, 115,0.096651
v431: 210,0.411315, 305,0.964183, 74,0.018076, 35,0.797177, 12,0.159190
v432: 3,0.509126, 366,0.878089, 211,0.048835, 41,0.762473, 154,0.889309
v433: 93,0.609361, 19,0.535300, 1,0.782426, 321,0.230190, 366,0.799857
v434: 301,0.203608, 90,0.039575, 4,0.130613, 26,0.206316, 18,0.548847
v435: 331,0.479526, 12,0.392556, 242,0.689564, 165,0.508733, 418,0.282605
v436: 2,0.734784, 93,0.511721, 228,0.498233, 13,0.806446, 32,0.936042
v437: 150,0.061182, 12,0.282802, 216,0.056952, 247,0.198183, 317,0.867820
v438: 18,0.449045, 19,0.104048, 168,0.732431, 263,0.969671, 89,0.267427
v439: 93,0.653719, 74,0.047060, 106,0.944906, 174,0.043329, 394,0.226410
v440: 10,0.277437, 229,0.876118, 15,0.910586, 209,0.222211, 194,0.701782
v441: 219,0.852424, 82,0.686761, 88,0.393818, 184,0.904151, 92,0.071853
v442: 7,0.627239, 99,0.008133, 150,0.687649, 262,0.311449, 68,0.530611
v443: 40,0.975145, 107,0.260145, 25,0.254649, 319,0.880811, 264,0.784211
v444: 404,0.238086, 71,0.513307, 95,0.152389, 20,0.209996, 109,0.403367
v445: 295,0.394372, 34,0.204516, 409,0.292401, 370,0.389000, 26,0.929952
v446: 65,0.708253, 35,0.614053, 86,0.388709, 15,0.036194, 45,0.313168
v447: 122,0.406532, 21,0.589069, 68,0.477545, 7,0.104589, 203,0.831415
v448: 9,0.591393, 2,0.548643, 424,0.048994, 30,0.433879, 408,0.208687
v449: 135,0.396407, 41,0.419430, 213,0.354641, 373,0.445096, 55,0.726888
v450: 76,0.812876, 48,0.998964, 8,0.595556, 384,0.504434, 243,0.016791
v451: 151,0.204976, 428,0.029331, 408,0.963301, 282,0.194525, 85,0.386469
v452: 284,0.387476, 175,0.309456, 57,0.026534, 29,0.964051, 17,0.813043
v453: 60,0.814595, 0,0.893294, 430,0.586357, 340,0.905552, 61,0.611842
v454: 7,0.224123, 32,0.828519, 18,0.922795, 157,0.420026, 59,0.373105
v455: 25,0.783858, 66,0.299382, 215,0.718900, 60,0.544671, 180,0.279342
v456: 133,0.894248, 98,0.631072, 44,0.420420, 6,0.993189, 0,0.521177
v457: 0,0.417662, 20,0.647340, 384,0.835013, 14,0.067322, 216,0.476721
v458: 27,0.250264, 383,0.191928, 105,0.738385, 285,0.039961, 223,0.624887
v459: 1,0.473690, 261,0.311573, 262,0.607095, 327,0.449557, 12,0.708624
v460: 270,0.849001, 2,0.151474, 215,0.816569, 6,0.068616, 32,0.221122
v461: 115,0.395490, 72,0.994454, 404,0.791065, 225,0.426792, 7,0.099181
v462: 22,0.930194, 2,0.776549, 127,0.455548, 46,0.391687, 52,0.089120
v463: 127,0.845752, 110,0.551810, 55,0.274425, 100,0.255803, 153,0.282975
v464: 16,0.957890, 446,0.257812, 141,0.047755, 224,0.624244, 398,0.673802
v465: 193,0.582354, 8,0.621207, 424,0.621111, 17,0.018099, 186,0.185256
v466: 32,0.591953, 12,0.954632, 244,0.503531, 39,0.845069, 318,0.072687
v467: 5,0.643648, 321,0.795212, 136,0.126880, 181,0.464364, 366,0.564204
v468: 86,0.580083, 355,0.451260, 5,0.332247, 209,0.079248, 72,0.920102
v469: 385,0.162206, 422,0.201787, 26,0.441014, 21,0.128754, 280,0.968263
v470: 286,0.594320, 270,0.730597, 336,0.135749, 3,0.529666, 130,0.096811
v471: 6,0.107115, 289,0.286846, 265,0.026911, 334,0.293768, 52,0.366884
v472: 204,0.219816, 301,0.443189, 214,0.679425, 4,0.088760, 80,0.792008
v473: 385,0.283455, 7,0.024075, 8,0.626860, 43,0.628233, 304,0.713510
v474: 206,0.964902, 26,0.116069, 329,0.778551, 3,0.110634, 127,0.424403
v475: 27,0.940914, 91,0.940101, 456,0.283173, 396,0.289779, 30,0.314207
v476: 87,0.879152, 15,0.910308, 159,0.538716, 226,0.200913, 16,0.737489
v477: 41,0.981565, 315,0.159770, 81,0.253073, 416,0.397394, 418,0.009047
v478: 353,0.056470, 103,0.091395, 47,0.080728, 288,0.788156, 32,0.537898
v479: 197,0.444902, 427,0.475697, 13,0.042614, 103,0.214045, 84,0.451003
v480: 478,0.002504, 10,0.086402, 138,0.165731, 352,0.442973, 81,0.046870
v481: 426,0.745158, 44,0.870949, 115,0.035273, 1,0.840201, 204,0.253240
v482: 400,0.198929, 117,0.407229, 150,0.293208, 67,0.951269, 11,0.973799
v483: 86,0.637453, 45,0.675762, 198,0.537817, 357,0.096427, 127,0.646338
v484: 35,0.001205, 226,0.254965, 265,0.188764, 12,0.553659, 289,0.346073
v485: 2,0.453879, 319,0.351544, 217,0.395592, 15,0.720709, 39,0.949458
v486: 292,0.537104, 88,0.100129, 389,0.866983, 65,0.385318, 11,0.039502
v487: 11,0.903422, 1,0.818059, 40,0.123117, 76,0.221540, 50,0.424195
v488: 150,0.451230, 66,0.818822, 359,0.937270, 75,0.699756, 84,0.796252
v489: 394,0.605479, 172,0.280473, 83,0.907841, 4,0.085107, 198,0.391504
v490: 368,0.007237, 1,0.632461, 15,0.776826, 29,0.108176, 466,0.107520
v491: 204,0.096664, 166,0.634828, 241,0.551874, 61,0.350472, 52,0.386295
v492: 13,0.458723, 82,0.764528, 154,0.425284, 445,0.746284, 222,0.788528
v493: 90,0.783724, 262,0.045192, 127,0.547470, 471,0.321745, 181,0.575094
v494: 350,0.610693, 487,0.911429, 86,0.394834, 493,0.983113, 305,0.173886
v495: 4,0.496309, 349,0.461470, 8,0.934448, 327,0.273508, 373,0.844586
v496: 100,0.962831, 2,0.293743, 175,0.937036, 473,0.769878, 364,0.332078
v497: 274,0.238229, 435,0.913780, 127,0.896618, 154,0.451998, 4,0.737230
v498: 92,0.630362, 1,0.490309, 86,0.628908, 341,0.059499, 3,0.006365
v499: 60,0.974525, 256,0.837252, 19,0.700684, 246,0.403292, 109,0.132620
v500: 92,0.945387, 205,0.113568, 427,0.732032, 422,0.261471, 169,0.546152
v501: 455,0.175116, 237,0.176785, 362,0.228238, 398,0.993870, 0,0.968604
v502: 178,0.320397, 253,0.906376, 431,0.458074, 49,0.853536, 109,0.385624
v503: 28,0.187241, 356,0.962809, 252,0.929496, 481,0.036838, 265,0.142577
v504: 1,0.296288, 455,0.718233, 397,0.334289, 20,0.393134, 400,0.409211
v505: 29,0.603206, 73,0.088292, 4,0.920121, 182,0.471536, 1,0.101326
v506: 15,0.985769, 133,0.816568, 136,0.060554, 7,0.737200, 161,0.122008
v507: 362,0.584818, 20,0.040810, 371,0.898830, 189,0.643226, 33,0.699536
v508: 201,0.101251, 308,0.721865, 17,0.384548, 309,0.090257, 228,0.951445
v509: 218,0.942536, 341,0.208941, 47,0.664604, 206,0.999109, 434,0.028758
v510: 200,0.339692, 205,0.200251, 36,0.613691, 230,0.297908, 11,0.936412
v511: 7,0.271617, 23,0.069214, 469,0.281458, 16,0.461418, 165,0.055422
v512: 432,0.475295, 211,0.277219, 493,0.214613, 51,0.008706, 296,0.317065
v513: 319,0.906763, 351,0.962538, 466,0.383111, 317,0.946479, 8,0.477282
v514: 21,0.682753, 15,0.033416, 491,0.629196, 194,0.893308, 454,0.821994
v515: 57,0.245277, 20,0.376882, 10,0.262295, 214,0.384503, 319,0.345977
v516: 420,0.839331, 147,0.632001, 90,0.040045, 154,0.033093, 406,0.199449
v517: 11,0.132801, 338,0.983982, 146,0.791352, 31,0.253980, 444,0.633841
v518: 301,0.958844, 68,0.298167, 322,0.296075, 148,0.133427, 66,0.502732
v519: 39,0.420146, 228,0.385484, 478,0.832248, 430,0.584668, 13,0.510021
v520: 39,0.918892, 361,0.817004, 1,0.382326, 43,0.757991, 95,0.546660
v521: 60,0.708136, 158,0.643358, 243,0.910579, 470,0.104855, 272,0.292649
v522: 460,0.550617, 63,0.228033, 211,0.549093, 77,0.611152, 491,0.637832
v523: 406,0.050810, 148,0.958527, 115,0.967674, 205,0.697797, 454,0.882112
v524: 200,0.649780, 123,0.851347, 373,0.597431, 51,0.026412, 110,0.899197
v525: 155,0.803784, 517,0.195624, 401,0.853038, 154,0.007809, 19,0.246545
v526: 50,0.689612, 58,0.309277, 19,0.019878, 190,0.091981, 389,0.916415
v527: 366,0.193414, 308,0.703697, 430,0.035746, 378,0.775341, 173,0.153562
v528: 192,0.923892, 194,0.858686, 453,0.929686, 41,0.232368, 211,0.416089
v529: 25,0.216157, 105,0.943047, 1,0.795626, 503,0.085790, 6,0.867145
v530: 475,0.103698, 393,0.848684, 184,0.833612, 523,0.520281, 267,0.364290
v531: 62,0.629483, 410,0.713013, 430,0.606528, 8,0.915239, 319,0.428975
v532: 141,0.777343, 8,0.801260, 12,0.784936, 13,0.419055, 1,0.058311
v533: 240,0.031459, 96,0.733972, 15,0.864443, 31,0.690932, 88,0.492236
v534: 440,0.016600, 448,0.994341, 170,0.887887, 182,0.725161, 501,0.774956
v535: 71,0.684364, 93,0.103591, 270,0.055412, 452,0.317139, 52,0.161596
v536: 398,0.942263, 439,0.606840, 168,0.156731, 42,0.179525, 41,0.284934
v537: 4,0.884913, 435,0.724710, 226,0.203241, 32,0.872771, 490,0.667370
v538: 16,0.481482, 467,0.260098, 80,0.469273, 496,0.063770, 67,0.790129
v539: 17,0.697348, 311,0.321033, 98,0.598041, 24,0.282759, 447,0.329030
v540: 27,0.000046, 222,0.772408, 255,0.858925, 445,0.956063, 182,0.557470
v541: 16,0.396962, 259,0.738976, 75,0.974308, 204,0.195502, 22,0.800181
v542: 474,0.645979, 372,0.970534, 184,0.760009, 30,0.462904, 296,0.025304
v543: 81,0.289147, 7,0.701181, 376,0.746163, 184,0.757092, 8,0.440820
v544: 23,0.860947, 163,0.943277, 91,0.659301, 88,0.871813, 334,0.568974
v545: 271,0.748925, 412,0.181846, 20,0.290964, 163,0.224146, 293,0.224526
v546: 36,0.603338, 419,0.293724, 128,0.611131, 474,0.273304, 304,0.415251
v547: 5,0.129435, 430,0.420479, 120,0.998181, 400,0.420090, 222,0.452691
v548: 122,0.369430, 359,0.008737, 12,0.835397, 244,0.522934, 88,0.947422
v549: 11,0.322698, 194,0.587846, 38,0.925234, 14,0.400640, 424,0.564750
v550: 13,0.750858, 123,0.669113, 9,0.781084, 16,0.672183, 6,0.380790
v551: 425,0.938603, 115,0.095131, 321,0.860082, 394,0.391889, 359,0.475176
v552: 435,0.275179, 119,0.927642, 0,0.878051, 399,0.402768, 47,0.318062
v553: 273,0.669961, 81,0.040971, 75,0.599851, 166,0.701594, 377,0.697121
v554: 39,0.517480, 64,0.285306, 56,0.141015, 102,0.034116, 141,0.384802
v555: 59,0.359526, 510,0.551802, 246,0.134583, 462,0.938605, 7,0.127078
v556: 203,0.797333, 270,0.772814, 492,0.685014, 84,0.031042, 356,0.719041
v557: 377,0.914174, 209,0.528542, 94,0.205991, 79,0.086363, 15,0.496451
v558: 204,0.857482, 19,0.702137, 0,0.820476, 86,0.747874, 194,0.521495
v559: 58,0.772801, 5,0.458112, 152,0.487488, 130,0.209539, 9,0.729550
v560: 219,0.540795, 285,0.141261, 25,0.168849, 373,0.850580, 226,0.696084
v561: 362,0.085698, 326,0.328246, 382,0.828415, 120,0.174181, 29,0.458172
v562: 100,0.498389, 512,0.419483, 41,0.246596, 1,0.543735, 329,0.554248
v563: 361,0.251111, 281,0.415478, 47,0.936103, 3,0.085254, 88,0.870843
v564: 481,0.257756, 157,0.109295, 10,0.928068, 19,0.039617, 524,0.845035
v565: 435,0.501769, 483,0.225079, 52,0.898168, 120,0.517056, 81,0.159929
v566: 38,0.929480, 174,0.769419, 556,0.627894, 178,0.018034, 244,0.101875
v567: 440,0.210554, 35,0.776697, 52,0.941719, 192,0.474696, 252,0.209401
v568: 120,0.398559, 74,0.589050, 3,0.163309, 529,0.730858, 19,0.522124
v569: 14,0.329947, 181,0.411294, 16,0.618703, 51,0.545494, 506,0.111440
v570: 96,0.966417, 561,0.564965, 398,0.362727, 179,0.358341, 454,0.637277
v571: 386,0.708066, 364,0.460856, 19,0.603093, 43,0.185514, 118,0.926916
v572: 267,0.683182, 392,0.246652, 85,0.483940, 319,0.583351, 459,0.385282
v573: 150,0.431776, 263,0.862635, 43,0.309186, 66,0.481723, 52,0.312788
v574: 383,0.024418, 15,0.389736, 502,0.294692, 35,0.892061, 8,0.861693
v575: 117,0.476433, 389,0.404771, 470,0.990382, 15,0.348887, 53,0.735684
v576: 5,0.641791, 438,0.586414, 25,0.860604, 13,0.168129, 353,0.741590
v577: 215,0.904118, 410,0.508777, 68,0.009533, 212,0.227622, 190,0.645257
v578: 109,0.839787, 191,0.292991, 20,0.303187, 24,0.659225, 56,0.595434
v579: 487,0.465719, 5,0.343744, 362,0.307781, 112,0.880516, 30,0.827325
v580: 401,0.859201, 481,0.593258, 225,0.880785, 445,0.350810, 286,0.069992
v581: 435,0.357380, 579,0.484034, 29,0.158690, 31,0.100506, 87,0.204660
v582: 449,0.713090, 9,0.895335, 462,0.900502, 11,0.735407, 52,0.987817
v583: 52,0.246081, 331,0.888945, 205,0.491230, 40,0.105561, 127,0.167090
v584: 253,0.286611, 564,0.069053, 321,0.582002, 429,0.710607, 77,0.178901
v585: 37,0.789092, 36,0.267225, 584,0.249984, 310,0.473770, 9,0.656652
v586: 197,0.349054, 137,0.558256, 196,0.613547, 471,0.890258, 171,0.572032
v587: 329,0.139534, 226,0.153180, 165,0.497911, 254,0.390051, 47,0.579002
v588: 122,0.285850, 456,0.286002, 535,0.834957, 538,0.114101, 471,0.700276
v589: 103,0.544442, 516,0.440461, 26,0.819937, 32,0.686903, 266,0.778810
v590: 125,0.466635, 0,0.726528, 269,0.751141, 561,0.430527, 301,0.872172
v591: 519,0.593705, 361,0.406700, 85,0.403267, 406,0.703868, 153,0.910739
v592: 5,0.787202, 81,0.501855, 0,0.673904, 380,0.305047, 43,0.929906
v593: 203,0.931001, 58,0.333237, 470,0.712951, 27,0.574292, 513,0.133286
v594: 67,0.131820, 222,0.494143, 328,0.064784, 53,0.819933, 35,0.610533
v595: 137,0.233074, 435,0.269901, 7,0.218540, 405,0.008439, 591,0.826787
v596: 5,0.810807, 59,0.231798, 517,0.832372, 3,0.669988, 6,0.490596
v597: 281,0.445780, 37,0.227355, 554,0.147200, 9,0.995269, 58,0.490561
v598: 74,0.854216, 4,0.812100, 122,0.963317, 204,0.466398, 184,0.746154
v599: 189,0.605158, 62,0.897739, 52,0.294828, 254,0.168266, 590,0.048921
v600: 173,0.217129, 334,0.291840, 13,0.948176, 504,0.000720, 214,0.097775
v601: 401,0.298316, 246,0.794495, 584,0.073073, 131,0.145342, 314,0.760410
v602: 561,0.203450, 532,0.392258, 541,0.684546, 210,0.172451, 401,0.389824
v603: 282,0.764868, 222,0.134025, 486,0.565862, 137,0.445064, 61,0.197552
v604: 141,0.254574, 426,0.632998, 63,0.793883, 262,0.792331, 118,0.712224
v605: 391,0.342358, 446,0.014205, 228,0.750892, 2,0.240508, 336,0.223458
v606: 198,0.661151, 100,0.968272, 247,0.741839, 15,0.086365, 395,0.540467
v607: 437,0.626003, 429,0.226469, 153,0.268818, 58,0.030817, 21,0.947959
v608: 258,0.351722, 270,0.393280, 46,0.850474, 5,0.922386, 35,0.545233
v609: 55,0.738471, 2,0.490367, 3,0.602399, 535,0.518815, 40,0.729971
v610: 9,0.629834, 80,0.622845, 466,0.158035, 4,0.094925, 164,0.399292
v611: 61,0.908123, 117,0.824122, 26,0.021443, 150,0.386327, 156,0.001693
v612: 93,0.461656, 40,0.055722, 2,0.516486, 180,0.581158, 19,0.515194
v613: 6,0.859531, 246,0.144932, 94,0.868493, 5,0.764136, 484,0.834323
v614: 4,0.461074, 520,0.277652, 490,0.492425, 114,0.181740, 1,0.506622
v615: 108,0.792290, 34,0.011513, 24,0.501110, 600,0.158499, 8,0.887281
v616: 566,0.524208, 187,0.369588, 491,0.662572, 188,0.852441, 133,0.976032
v617: 73,0.162006, 231,0.832465, 400,0.239379, 350,0.237101, 289,0.958619
v618: 2,0.503709, 406,0.830250, 3,0.005067, 172,0.159272, 597,0.880431
v619: 56,0.403177, 126,0.190968, 215,0.603988, 256,0.233579, 318,0.762153
v620: 540,0.504774, 359,0.742657, 87,0.829235, 264,0.950313, 97,0.903617
v621: 134,0.098623, 196,0.554697, 468,0.793234, 5,0.882693, 439,0.428601
v622: 4,0.503037, 22,0.534960, 373,0.065396, 122,0.112094, 1,0.957284
v623: 46,0.079290, 196,0.629688, 478,0.167306, 536,0.913930, 517,0.413875
v624: 470,0.003101, 499,0.121851, 534,0.941493, 17,0.679016, 82,0.223680
v625: 324,0.395769, 218,0.696169, 164,0.511905, 143,0.590917, 19,0.541884
v626: 576,0.446371, 23,0.164613, 102,0.649872, 364,0.406940, 526,0.442816
v627: 499,0.407067, 8,0.575368, 529,0.218194, 156,0.180376, 588,0.582091
v628: 497,0.195528, 341,0.238059, 84,0.053688, 43,0.332705, 115,0.776239
v629: 443,0.257070, 146,0.572820, 44,0.388380, 223,0.503225, 34,0.700773
v630: 66,0.889927, 447,0.998553, 108,0.687548, 15,0.623427, 44,0.934313
v631: 32,0.996833, 7,0.765091, 85,0.885815, 183,0.887667, 115,0.013208
v632: 19,0.980493, 17,0.147311, 357,0.849821, 446,0.947915, 24,0.602574
v633: 426,0.464661, 516,0.553429, 57,0.473108, 202,0.532501, 2,0.746197
v634: 386,0.332659, 202,0.992836, 308,0.587552, 176,0.991279, 334,0.427475
v635: 180,0.568294, 96,0.324140, 473,0.817933, 323,0.998124, 32,0.475917
v636: 86,0.733929, 441,0.143360, 170,0.456821, 500,0.795876, 2,0.286695
v637: 13,0.484922, 41,0.083255, 588,0.269446, 71,0.574267, 431,0.710012
v638: 15,0.173624, 509,0.091503, 0,0.889699, 122,0.169432, 2,0.640859
v639: 589,0.919095, 71,0.229418, 11,0.831024, 8,0.012547, 18,0.883930
v640: 44,0.215156, 0,0.132984, 151,0.068918, 75,0.304380, 308,0.715040
v641: 87,0.673641, 521,0.886350, 244,0.878561, 7,0.966538, 130,0.596604
v642: 348,0.125614, 257,0.188324, 1,0.166372, 12,0.222458, 2,0.857076
v643: 152,0.867972, 27,0.998501, 148,0.801611, 2,0.677347, 182,0.167446
v644: 23,0.260549, 391,0.046583, 425,0.924882, 291,0.484156, 126,0.206123
v645: 51,0.306649, 567,0.846183, 102,0.798152, 12,0.534013, 383,0.156360
v646: 61,0.936321, 216,0.749803, 553,0.940923, 8,0.093373, 2,0.319216
v647: 6,0.064409, 586,0.518391, 228,0.592730, 22,0.007013, 32,0.860480
v648: 22,0.087528, 215,0.078301, 590,0.007239, 51,0.664455, 212,0.503304
v649: 49,0.022733, 6,0.069260, 194,0.049131, 554,0.739982, 597,0.870265
v650: 76,0.549435, 165,0.350002, 22,0.483282, 429,0.521021, 175,0.799413
v651: 379,0.732619, 8,0.119315, 15,0.334888, 399,0.459583, 357,0.206152
v652: 146,0.791931, 264,0.978275, 495,0.861760, 12,0.594093, 55,0.921683
v653: 648,0.719629, 67,0.798276, 10,0.626557, 438,0.546313, 537,0.886922
v654: 573,0.494226, 7,0.449957, 301,0.429981, 32,0.685298, 489,0.802623
v655: 138,0.677716, 394,0.367010, 76,0.340973, 479,0.735296, 430,0.123083
v656: 173,0.658065, 2,0.098062, 158,0.134848, 345,0.385274, 304,0.294478
v657: 193,0.295218, 196,0.725018, 25,0.382458, 510,0.977142, 151,0.823412
v658: 122,0.086034, 453,0.970964, 103,0.995213, 385,0.544220, 93,0.699487
v659: 53,0.283356, 103,0.365315, 249,0.850352, 317,0.858220, 35,0.111300
v660: 34,0.612769, 597,0.811323, 99,0.907368, 68,0.128217, 67,0.947668
v661: 607,0.455084, 132,0.592288, 155,0.580195, 3,0.339497, 44,0.928241
v662: 426,0.952913, 376,0.602831, 151,0.782508, 27,0.608836, 108,0.707390
v663: 401,0.103534, 245,0.094913, 441,0.210552, 40,0.742824, 63,0.646172
v664: 138,0.214861, 35,0.171630, 406,0.581956, 449,0.933692, 13,0.554210
v665: 637,0.604363, 281,0.527279, 612,0.979093, 215,0.614303, 75,0.584645
v666: 90,0.127476, 7,0.483345, 312,0.584460, 310,0.022528, 327,0.628193
v667: 141,0.040591, 40,0.214340, 494,0.414862, 12,0.581558, 3,0.250794
v668: 35,0.094603, 60,0.997767, 569,0.472880, 162,0.698903, 160,0.459893
v669: 343,0.422082, 47,0.940065, 619,0.678883, 6,0.994081, 7,0.516070
v670: 15,0.585166, 138,0.886372, 141,0.262021, 49,0.792005, 2,0.234970
v671: 52,0.147477, 110,0.651889, 6,0.290666, 451,0.220474, 242,0.512743
v672: 29,0.674672, 664,0.211630, 595,0.869400, 47,0.001913, 114,0.145544
v673: 581,0.155676, 113,0.452854, 61,0.115554, 16,0.119378, 528,0.386454
v674: 158,0.139873, 186,0.848452, 639,0.940956, 141,0.649828, 351,0.655953
v675: 171,0.602817, 438,0.542770, 53,0.343310, 61,0.005161, 3,0.732693
v676: 383,0.368897, 405,0.052756, 0,0.672140, 437,0.662165, 666,0.007358
v677: 20,0.658841, 4,0.146318, 346,0.171382, 380,0.423728, 360,0.591473
v678: 47,0.890474, 205,0.202771, 8,0.966370, 251,0.773805, 524,0.339262
v679: 148,0.971926, 201,0.154091, 6,0.800803, 20,0.095669, 10,0.909885
v680: 14,0.430150, 206,0.532547, 158,0.513025, 602,0.405141, 77,0.202304
v681: 499,0.127478, 52,0.525201, 463,0.048551, 6,0.999791, 8,0.489099
v682: 38,0.279777, 255,0.208069, 520,0.009469, 88,0.150064, 48,0.127972
v683: 201,0.832211, 679,0.966878, 113,0.311638, 270,0.701574, 143,0.351540
v684: 84,0.334907, 374,0.776699, 0,0.985789, 1,0.163981, 118,0.022970
v685: 215,0.057452, 43,0.601364, 298,0.122487, 159,0.639091, 491,0.209344
v686: 10,0.448008, 218,0.666991, 504,0.118902, 636,0.379085, 449,0.277304
v687: 493,0.641971, 627,0.607432, 200,0.104516, 53,0.600523, 636,0.985763
v688: 4,0.721595, 123,0.849495, 423,0.466615, 103,0.402657, 20,0.454392
v689: 51,0.971084, 225,0.012413, 669,0.619887, 617,0.437651, 17,0.602959
v690: 457,0.924155, 73,0.266872, 26,0.325782, 153,0.418884, 136,0.185595
v691: 196,0.297094, 575,0.266828, 380,0.581620, 314,0.279836, 71,0.209140
v692: 1,0.007951, 298,0.626826, 0,0.066347, 654,0.089548, 232,0.036401
v693: 180,0.788498, 176,0.287508, 89,0.154811, 579,0.903226, 60,0.527431
v694: 335,0.533941, 0,0.941402, 8,0.141628, 331,0.335191, 287,0.553093
v695: 214,0.840204, 13,0.314090, 539,0.905232, 628,0.238609, 27,0.297984
v696: 59,0.216540, 166,0.381473, 9,0.409344, 5,0.848936, 570,0.067373
v697: 54,0.333693, 121,0.374990, 11,0.463498, 393,0.010531, 20,0.986923
v698: 35,0.217871, 11,0.765076, 406,0.640341, 15,0.204942, 499,0.452277
v699: 476,0.419105, 232,0.902909, 10,0.194942, 672,0.393527, 86,0.010730
v700: 10,0.332892, 280,0.910747, 264,0.930448, 15,0.037991, 263,0.518116
v701: 90,0.978412, 298,0.168652, 208,0.540988, 288,0.390847, 491,0.973864
v702: 632,0.736408, 7,0.817360, 394,0.370344, 36,0.372001, 13,0.223514
v703: 4,0.593272, 150,0.118840, 27,0.335712, 126,0.317077, 401,0.118443
v704: 35,0.665094, 7,0.240260, 63,0.056597, 312,0.232753, 71,0.871866
v705: 167,0.449151, 203,0.883193, 206,0.823196, 285,0.460750, 131,0.825967
v706: 319,0.031498, 49,0.382011, 589,0.456377, 244,0.322820, 398,0.640460
v707: 69,0.209392, 265,0.252887, 19,0.276199, 348,0.081447, 542,0.875952
v708: 94,0.125534, 602,0.842611, 391,0.769852, 45,0.909728, 16,0.801492
v709: 198,0.672568, 278,0.842248, 141,0.668031, 632,0.604740, 52,0.867648
v710: 48,0.555864, 418,0.398367, 4,0.357370, 9,0.316753, 114,0.670006
v711: 45,0.792349, 348,0.016740, 677,0.346157, 279,0.861687, 22,0.368875
v712: 482,0.680949, 215,0.706439, 8,0.120123, 497,0.915540, 492,0.485694
v713: 35,0.052253, 53,0.222800, 510,0.597623, 178,0.257121, 47,0.435067
v714: 277,0.169575, 10,0.052782, 23,0.103107, 1,0.922007, 591,0.170030
v715: 139,0.687006, 8,0.507014, 383,0.377937, 643,0.982564, 59,0.955972
v716: 216,0.026358, 41,0.001779, 565,0.891769, 153,0.955749, 678,0.277011
v717: 46,0.719764, 138,0.072486, 155,0.271649, 492,0.607653, 256,0.818206
v718: 564,0.596375, 297,0.267198, 29,0.795694, 560,0.231320, 360,0.790120
v719: 35,0.543497, 140,0.551193, 13,0.908618, 318,0.138466, 559,0.190677
v720: 17,0.700361, 42,0.969342, 410,0.736321, 414,0.347317, 214,0.364522
v721: 18,0.513123, 66,0.051934, 26,0.857534, 576,0.576953, 7,0.851360
v722: 29,0.799579, 9,0.515942, 310,0.429064, 151,0.278041, 136,0.040599
v723: 707,0.349862, 35,0.123201, 4,0.643317, 141,0.236478, 34,0.492086
v724: 148,0.495038, 261,0.097455, 599,0.920340, 35,0.156456, 322,0.564269
v725: 670,0.662039, 101,0.892782, 29,0.990014, 1,0.166736, 15,0.326839
v726: 624,0.174920, 504,0.884756, 34,0.093798, 86,0.460379, 351,0.587662
v727: 147,0.839022, 496,0.446953, 12,0.940022, 22,0.951086, 10,0.900548
v728: 385,0.510343, 27,0.333448, 38,0.262664, 136,0.590407, 175,0.972010
v729: 33,0.568355, 634,0.336809, 212,0.755416, 473,0.281974, 382,0.133787
v730: 57,0.552312, 277,0.710398, 364,0.653803, 86,0.459321, 35,0.807239
v731: 7,0.268114, 430,0.184066, 559,0.592660, 48,0.842331, 447,0.064537
v732: 191,0.681505, 237,0.058919, 684,0.250803, 273,0.253142, 632,0.558742
v733: 206,0.769892, 36,0.574625, 126,0.725821, 55,0.878320, 9,0.922856
v734: 206,0.441453, 118,0.501374, 133,0.590063, 20,0.186750, 371,0.703821
v735: 5,0.127037, 31,0.119248, 162,0.207311, 122,0.284294, 43,0.124962
v736: 108,0.232824, 718,0.071312, 8,0.535949, 20,0.688057, 32,0.166465
v737: 467,0.769254, 388,0.853986, 289,0.948245, 51,0.151924, 619,0.385646
v738: 279,0.551973, 212,0.018350, 374,0.404326, 385,0.508936, 262,0.694142
v739: 14,0.451249, 27,0.138482, 223,0.466689, 358,0.643536, 271,0.902240
v740: 160,0.950524, 712,0.449479, 103,0.398146, 242,0.635603, 17,0.573904
v741: 2,0.603879, 47,0.391314, 93,0.819126, 36,0.056772, 501,0.170803
v742: 26,0.683686, 35,0.709524, 287,0.977317, 30,0.775190, 218,0.615134
v743: 22,0.563073, 363,0.561669, 461,0.969948, 386,0.908284, 164,0.536718
v744: 552,0.624200, 53,0.924184, 607,0.761468, 398,0.987842, 270,0.652826
v745: 228,0.039332, 76,0.055430, 252,0.611567, 130,0.613186, 18,0.814484
v746: 2,0.024803, 7,0.860203, 3,0.424115, 256,0.103396, 720,0.775561
v747: 6,0.855498, 388,0.349986, 17,0.220926, 13,0.111287, 668,0.397802
v748: 80,0.862896, 18,0.695983, 395,0.385044, 17,0.429958, 198,0.303113
v749: 32,0.417814, 26,0.203017, 447,0.105118, 469,0.718469, 647,0.301350
v750: 431,0.793340, 580,0.657346, 119,0.016676, 61,0.276660, 157,0.828324
v751: 39,0.634781, 489,0.764471, 214,0.465145, 100,0.690434, 172,0.127601
v752: 39,0.585539, 70,0.160507, 35,0.634491, 222,0.888228, 36,0.451629
v753: 512,0.527625, 467,0.786955, 322,0.359968, 658,0.982587, 10,0.345225
v754: 113,0.189789, 96,0.788083, 322,0.314730, 614,0.667069, 307,0.431102
v755: 444,0.530796, 138,0.088044, 315,0.757690, 52,0.493525, 281,0.677533
v756: 142,0.289056, 15,0.159652, 386,0.274183, 578,0.199200, 3,0.958936
v757: 205,0.829263, 203,0.428183, 270,0.469424, 675,0.603991, 444,0.273102
v758: 271,0.027983, 728,0.311651, 220,0.925823, 223,0.303784, 457,0.694204
v759: 488,0.478929, 30,0.365443, 144,0.001547, 290,0.992358, 350,0.568185
v760: 500,0.481280, 2,0.878034, 12,0.124118, 20,0.046653, 31,0.098070
v761: 82,0.261674, 171,0.955131, 146,0.878724, 649,0.720606, 673,0.218101
v762: 145,0.616073, 12,0.335148, 127,0.826149, 475,0.084290, 59,0.669343
v763: 544,0.646379, 120,0.686529, 48,0.492921, 34,0.524407, 259,0.711111
v764: 214,0.641985, 303,0.833989, 10,0.860407, 161,0.863390, 339,0.989782
v765: 19,0.267584, 8,0.280021, 115,0.314165, 127,0.178481, 227,0.726748
v766: 3,0.461036, 169,0.630552, 643,0.685025, 11,0.222490, 552,0.396414
v767: 628,0.531566, 303,0.028069, 142,0.758152, 106,0.265979, 555,0.301853
v768: 2,0.246186, 523,0.650817, 69,0.278097, 466,0.975694, 103,0.484789
v769: 32,0.847097, 2,0.161080, 114,0.266004, 595,0.735669, 757,0.385783
v770: 73,0.853826, 401,0.254909, 437,0.263664, 348,0.392487, 576,0.530174
v771: 254,0.632336, 103,0.665780, 2,0.762891, 665,0.905938, 292,0.103330
v772: 672,0.664044, 28,0.595750, 25,0.770918, 583,0.811890, 152,0.442695
v773: 541,0.376242, 129,0.492412, 0,0.971164, 745,0.350894, 220,0.475491
v774: 439,0.571064, 133,0.865820, 760,0.842631, 18,0.104837, 34,0.990136
v775: 626,0.220492, 210,0.815514, 736,0.345544, 148,0.559125, 107,0.208403
v776: 590,0.635259, 2,0.800626, 111,0.123699, 324,0.013291, 11,0.376310
v777: 7,0.648750, 441,0.547824, 197,0.281643, 46,0.573832, 307,0.397624
v778: 34,0.866641, 192,0.637632, 253,0.687889, 147,0.354802, 26,0.161175
v779: 36,0.863961, 753,0.595101, 84,0.858047, 39,0.203162, 326,0.538375
v780: 355,0.474491, 625,0.774047, 6,0.412605, 224,0.655294, 259,0.522502
v781: 452,0.683064, 72,0.263122, 274,0.283838, 441,0.459284, 76,0.178547
v782: 4,0.837592, 183,0.408534, 163,0.227563, 154,0.650150, 13,0.073100
v783: 612,0.587485, 22,0.856213, 593,0.370523, 102,0.372811, 649,0.836857
v784: 467,0.052724, 19,0.128372, 494,0.548183, 597,0.305177, 478,0.106325
v785: 190,0.011430, 640,0.106075, 617,0.810838, 471,0.749810, 60,0.055493
v786: 6,0.675054, 27,0.625528, 63,0.243690, 103,0.697979, 252,0.936258
v787: 13,0.693149, 127,0.761070, 492,0.307613, 376,0.047605, 196,0.094151
v788: 264,0.400726, 2,0.005005, 297,0.123859, 716,0.694135, 601,0.330261
v789: 365,0.695815, 215,0.564013, 183,0.371146, 55,0.853517, 537,0.060462
v790: 0,0.186757, 11,0.828488, 401,0.392465, 367,0.156426, 461,0.045263
v791: 333,0.733618, 50,0.925841, 66,0.606516, 257,0.707387, 648,0.048397
v792: 82,0.411196, 41,0.971057, 48,0.552645, 138,0.300985, 387,0.647393
v793: 722,0.742309, 418,0.980026, 69,0.290512, 445,0.642758, 41,0.832227
v794: 52,0.238938, 593,0.828230, 32,0.053784, 775,0.947426, 585,0.389614
v795: 21,0.235934, 277,0.350738, 7,0.859268, 59,0.724630, 17,0.851901
v796: 573,0.900582, 470,0.074413, 654,0.656453, 29,0.005050, 41,0.881365
v797: 362,0.105112, 15,0.613791, 7,0.983434, 158,0.572155, 302,0.211832
v798: 19,0.254876, 102,0.697543, 42,0.606582, 469,0.819193, 674,0.175043
v799: 707,0.947662, 634,0.350148, 562,0.933624, 241,0.424035, 0,0.758528
v800: 80,0.585122, 559,0.148142, 10,0.828617, 63,0.564384, 317,0.602627
v801: 598,0.345041, 65,0.107679, 206,0.760197, 23,0.627191, 331,0.199966
v802: 440,0.832569, 528,0.994669, 114,0.400688, 12,0.364675, 7,0.096646
v803: 224,0.333489, 123,0.952417, 260,0.278752, 324,0.980265, 6,0.321781
v804: 682,0.178977, 279,0.066426, 8,0.418090, 136,0.839014, 71,0.303151
v805: 608,0.064703, 804,0.458896, 387,0.663024, 21,0.445123, 25,0.177359
v806: 88,0.864885, 343,0.130099, 206,0.579849, 612,0.521085, 499,0.869638
v807: 256,0.998996, 359,0.124704, 205,0.905828, 136,0.248230, 225,0.999045
v808: 368,0.955020, 44,0.012848, 520,0.928072, 350,0.108841, 0,0.296771
v809: 746,0.830843, 200,0.985496, 282,0.224383, 384,0.211059, 19,0.269560
v810: 530,0.487901, 16,0.146129, 203,0.986559, 27,0.093910, 216,0.339686
v811: 82,0.099040, 133,0.567014, 135,0.809881, 15,0.672906, 184,0.525703
v812: 313,0.489017, 366,0.900481, 187,0.382900, 773,0.394302, 165,0.026764
v813: 252,0.828353, 173,0.122090, 152,0.964850, 246,0.230531, 50,0.540898
v814: 228,0.879638, 16,0.079276, 496,0.393535, 707,0.146087, 631,0.278938
v815: 102,0.104795, 18,0.284480, 45,0.247362, 454,0.417244, 198,0.615049
v816: 504,0.133931, 357,0.972327, 100,0.904483, 528,0.642294, 89,0.042563
v817: 271,0.363021, 605,0.294996, 384,0.990979, 59,0.388357, 23,0.121869
v818: 754,0.258970, 713,0.509392, 489,0.353575, 563,0.538371, 73,0.399155
v819: 370,0.591299, 654,0.955774, 399,0.689124, 139,0.105074, 647,0.981937
v820: 119,0.411646, 669,0.532073, 340,0.552081, 478,0.824731, 101,0.246594
v821: 228,0.506536, 241,0.355141, 47,0.859014, 619,0.451401, 20,0.693424
v822: 26,0.372242, 576,0.267782, 569,0.613757, 530,0.413478, 619,0.332734
v823: 411,0.254243, 37,0.059018, 406,0.923479, 386,0.903837, 722,0.795017
v824: 22,0.852037, 308,0.186907, 18,0.340001, 731,0.394831, 30,0.926739
v825: 806,0.707198, 206,0.871173, 300,0.804570, 541,0.412037, 703,0.110489
v826: 337,0.982216, 534,0.100275, 71,0.321732, 658,0.344107, 422,0.404413
v827: 17,0.975950, 75,0.794841, 391,0.890868, 367,0.812460, 189,0.021506
v828: 716,0.448217, 41,0.180326, 376,0.747377, 789,0.164271, 15,0.908025
v829: 169,0.182518, 754,0.575766, 44,0.903181, 13,0.760572, 19,0.935307
v830: 489,0.709512, 62,0.767101, 372,0.670200, 232,0.056180, 4,0.220529
v831: 740,0.433672, 566,0.726203, 557,0.289893, 477,0.230423, 20,0.722739
v832: 307,0.072999, 274,0.895666, 671,0.464088, 90,0.923629, 763,0.432443
v833: 337,0.075913, 4,0.864374, 472,0.540730, 348,0.041202, 10,0.480423
v834: 187,0.477703, 56,0.750841, 156,0.388342, 604,0.862934, 384,0.331249
v835: 46,0.307307, 364,0.913961, 16,0.934321, 55,0.134475, 245,0.120171
v836: 44,0.716616, 414,0.167537, 438,0.790612, 244,0.815703, 161,0.520976
v837: 27,0.043597, 55,0.733804, 12,0.046535, 53,0.115698, 7,0.529164
v838: 510,0.660650, 206,0.552209, 37,0.975973, 628,0.169959, 29,0.497053
v839: 11,0.975553, 425,0.122329, 293,0.981906, 138,0.894127, 53,0.595832
v840: 49,0.150151, 41,0.584757, 138,0.013020, 192,0.830340, 292,0.529894
v841: 8,0.929611, 339,0.976565, 152,0.125680, 483,0.297368, 628,0.860179
v842: 408,0.030245, 533,0.332670, 114,0.182116, 4,0.828959, 189,0.305996
v843: 820,0.880915, 566,0.543931, 24,0.852061, 222,0.591976, 717,0.341302
v844: 22,0.259492, 84,0.281617, 636,0.141104, 556,0.541780, 46,0.692772
v845: 496,0.413188, 48,0.454566, 46,0.882431, 141,0.017300, 435,0.754901
v846: 737,0.617526, 118,0.753138, 726,0.989795, 45,0.487747, 694,0.569539
v847: 59,0.247484, 7,0.465342, 135,0.001904, 3,0.001907, 61,0.042651
v848: 182,0.828376, 474,0.509683, 175,0.242270, 657,0.828508, 19,0.730032
v849: 2,0.644304, 327,0.814020, 119,0.231109, 86,0.242325, 264,0.754140
v850: 68,0.835773, 665,0.841365, 754,0.823773, 67,0.145045, 846,0.764251
v851: 12,0.767945, 23,0.844702, 172,0.906580, 37,0.887268, 722,0.319251
v852: 0,0.657992, 197,0.870395, 524,0.722786, 712,0.867618, 735,0.058834
v853: 31,0.828056, 77,0.130173, 525,0.822825, 352,0.221060, 90,0.351303
v854: 533,0.354298, 393,0.684583, 100,0.784841, 541,0.827132, 17,0.614514
v855: 479,0.130898, 34,0.003888, 173,0.344517, 744,0.297637, 735,0.382075
v856: 18,0.538865, 496,0.708912, 564,0.679389, 240,0.485089, 569,0.887795
v857: 46,0.178138, 721,0.963449, 8,0.691536, 44,0.649314, 623,0.021128
v858: 87,0.092696, 579,0.946398, 8,0.111409, 798,0.444891, 6,0.281376
v859: 270,0.090872, 39,0.289500, 60,0.626877, 103,0.924766, 578,0.548765
v860: 21,0.094955, 585,0.910918, 246,0.796410, 2,0.255245, 769,0.897867
v861: 142,0.446171, 751,0.801622, 719,0.862307, 380,0.799993, 283,0.481128
v862: 627,0.325151, 547,0.813003, 841,0.146606, 180,0.011538, 528,0.916503
v863: 551,0.658142, 542,0.395361, 87,0.838610, 405,0.523481, 70,0.140346
v864: 314,0.792491, 5,0.399744, 622,0.498042, 806,0.592610, 25,0.995644
v865: 345,0.780465, 198,0.275329, 46,0.453047, 3,0.359991, 28,0.372528
v866: 291,0.083981, 557,0.469362, 31,0.572256, 677,0.909567, 357,0.089569
v867: 80,0.382060, 137,0.286449, 514,0.352169, 60,0.896537, 841,0.101034
v868: 141,0.078854, 638,0.306460, 169,0.680487, 574,0.946688, 439,0.981633
v869: 66,0.305848, 733,0.383693, 682,0.729566, 422,0.817066, 867,0.425182
v870: 32,0.036723, 79,0.200237, 253,0.379565, 386,0.344975, 334,0.003198
v871: 141,0.752921, 861,0.337307, 222,0.117399, 435,0.121724, 172,0.817417
v872: 813,0.323314, 631,0.939237, 33,0.749965, 740,0.667935, 348,0.988736
v873: 465,0.682076, 501,0.657726, 182,0.401827, 180,0.512655, 67,0.186042
v874: 9,0.803561, 701,0.447881, 237,0.536270, 572,0.087617, 165,0.585722
v875: 20,0.237538, 617,0.294353, 135,0.187913, 76,0.254796, 257,0.360220
v876: 42,0.218571, 63,0.515368, 81,0.792401, 222,0.878736, 36,0.918143
v877: 136,0.231873, 869,0.094405, 154,0.664477, 313,0.871221, 160,0.614153
v878: 737,0.075456, 555,0.191832, 7,0.127812, 141,0.141615, 649,0.116843
v879: 305,0.780342, 557,0.207320, 232,0.434059, 74,0.232076, 21,0.496269
v880: 19,0.800236, 537,0.569804, 554,0.691046, 29,0.412240, 23,0.524476
v881: 808,0.870008, 682,0.231502, 350,0.847679, 251,0.937342, 98,0.904837
v882: 457,0.590257, 450,0.446174, 63,0.851836, 770,0.808756, 790,0.763740
v883: 305,0.180375, 672,0.559746, 4,0.655143, 348,0.984864, 499,0.607561
v884: 813,0.282242, 10,0.647763, 106,0.944691, 52,0.414053, 206,0.997141
v885: 60,0.955007, 489,0.802342, 22,0.956184, 298,0.592490, 204,0.984173
v886: 69,0.990459, 226,0.640261, 82,0.865341, 513,0.786769, 4,0.234132
v887: 823,0.053079, 1,0.090751, 6,0.244399, 206,0.618995, 21,0.453629
v888: 736,0.141442, 473,0.220914, 36,0.904898, 782,0.614791, 57,0.794945
v889: 374,0.633354, 366,0.780226, 303,0.257255, 329,0.689539, 97,0.076366
v890: 426,0.477499, 780,0.318759, 8,0.385183, 154,0.772202, 846,0.406197
v891: 241,0.956219, 21,0.179898, 1,0.552862, 196,0.947916, 445,0.625912
v892: 364,0.710345, 16,0.768499, 438,0.167802, 445,0.244403, 206,0.682491
v893: 74,0.619704, 143,0.367421, 113,0.249434, 104,0.245495, 300,0.030670
v894: 20,0.467916, 508,0.262802, 18,0.911966, 759,0.420720, 41,0.041893
v895: 26,0.101392, 172,0.099352, 88,0.802292, 772,0.119428, 258,0.229871
v896: 311,0.441150, 29,0.411604, 265,0.831073, 717,0.843935, 600,0.011627
v897: 157,0.412928, 244,0.077849, 87,0.399781, 30,0.119784, 565,0.217576
v898: 327,0.793649, 34,0.864245, 676,0.370203, 29,0.008727, 76,0.678393
v899: 63,0.743366, 461,0.749054, 441,0.342402, 272,0.744296, 648,0.384997
v900: 144,0.638595, 891,0.859665, 289,0.385660, 405,0.794927, 86,0.345907
v901: 17,0.660343, 341,0.384982, 871,0.387493, 228,0.601270, 401,0.544503
v902: 841,0.464095, 801,0.041862, 719,0.573809, 222,0.005515, 2,0.691917
v903: 780,0.055385, 883,0.857630, 206,0.183441, 44,0.086981, 219,0.881644
v904: 20,0.793921, 68,0.428819, 64,0.154382, 290,0.700791, 151,0.194834
v905: 776,0.579242, 251,0.315296, 421,0.173916, 95,0.013115, 7,0.427773
v906: 341,0.576294, 96,0.776319, 102,0.596342, 176,0.713741, 357,0.837930
v907: 221,0.089750, 270,0.428741, 46,0.842769, 357,0.414414, 582,0.054493
v908: 347,0.862283, 392,0.386745, 409,0.022839, 438,0.852928, 44,0.168737
v909: 692,0.970936, 74,0.528581, 298,0.866677, 605,0.243362, 214,0.186540
v910: 15,0.184319, 679,0.846785, 2,0.917068, 68,0.160286, 849,0.923164
v911: 314,0.616788, 114,0.363001, 797,0.965865, 33,0.300837, 862,0.162138
v912: 406,0.049221, 597,0.265568, 285,0.399770, 9,0.939285, 350,0.561568
v913: 125,0.268104, 29,0.016253, 131,0.159407, 92,0.153013, 51,0.688409
v914: 19,0.086401, 3,0.136046, 748,0.520143, 14,0.035883, 219,0.085208
v915: 87,0.084817, 140,0.523080, 22,0.399971, 288,0.319369, 292,0.627662
v916: 673,0.117074, 170,0.669828, 7,0.804969, 150,0.122241, 790,0.505438
v917: 9,0.895781, 170,0.384984, 538,0.426813, 638,0.447118, 30,0.705642
v918: 328,0.722358, 152,0.664463, 0,0.624761, 405,0.357667, 17,0.308255
v919: 102,0.840528, 41,0.754739, 393,0.897878, 493,0.634834, 2,0.651543
v920: 128,0.484204, 597,0.020073, 30,0.368153, 295,0.555297, 855,0.870522
v921: 155,0.859471, 572,0.130697, 8,0.623452, 320,0.359222, 176,0.446426
v922: 882,0.089244, 873,0.918777, 386,0.886520, 588,0.745352, 143,0.126797
v923: 427,0.070519, 471,0.210287, 730,0.294621, 211,0.697365, 329,0.618333
v924: 7,0.324000, 389,0.462133, 31,0.071591, 122,0.229094, 450,0.375019
v925: 410,0.942761, 170,0.990063, 842,0.990038, 690,0.576000, 277,0.832394
v926: 621,0.044034, 338,0.076105, 110,0.090944, 12,0.493110, 15,0.691778
v927: 30,0.711661, 204,0.893903, 87,0.835630, 291,0.425224, 93,0.740893
v928: 92,0.181187, 326,0.212824, 589,0.931945, 541,0.202617, 848,0.386751
v929: 698,0.129606, 68,0.291434, 0,0.136543, 90,0.876036, 349,0.539234
v930: 483,0.907897, 462,0.026016, 194,0.259008, 911,0.145887, 38,0.927272
v931: 199,0.652409, 237,0.038434, 288,0.952416, 139,0.249520, 133,0.686627
v932: 4,0.135903, 492,0.120734, 166,0.180794, 2,0.605529, 211,0.127372
v933: 477,0.743434, 241,0.892627, 576,0.380930, 9,0.282765, 219,0.424973
v934: 222,0.521791, 196,0.738053, 418,0.450892, 536,0.149627, 336,0.778135
v935: 52,0.116912, 81,0.941540, 1,0.468947, 155,0.595713, 467,0.152149
v936: 125,0.171284, 179,0.774712, 914,0.579511, 0,0.849088, 136,0.619974
v937: 3,0.909447, 117,0.073246, 10,0.038625, 792,0.176081, 596,0.401381
v938: 43,0.007628, 128,0.207942, 623,0.880290, 25,0.031724, 250,0.188859
v939: 664,0.146521, 194,0.574405, 921,0.027079, 46,0.119643, 68,0.847587
v940: 265,0.389106, 301,0.704973, 6,0.478604, 61,0.901127, 493,0.238629
v941: 44,0.645639, 483,0.256627, 634,0.125490, 53,0.106854, 161,0.902389
v942: 48,0.453389, 46,0.102590, 763,0.224578, 554,0.489142, 608,0.003661
v943: 215,0.532707, 532,0.212535, 174,0.076716, 340,0.368062, 25,0.024232
v944: 384,0.264565, 620,0.545895, 660,0.864039, 661,0.901564, 401,0.592560
v945: 132,0.155201, 658,0.463547, 64,0.842200, 133,0.849980, 334,0.617434
v946: 135,0.221345, 879,0.150824, 0,0.902877, 350,0.648419, 168,0.978243
v947: 7,0.335475, 224,0.335529, 777,0.241792, 263,0.791507, 467,0.865396
v948: 18,0.716073, 531,0.031096, 168,0.629036, 568,0.207415, 97,0.026170
v949: 285,0.832780, 718,0.531358, 41,0.537923, 8,0.876143, 15,0.339362
v950: 158,0.651472, 649,0.294964, 60,0.458551, 4,0.872630, 55,0.291800
v951: 315,0.290495, 34,0.354231, 26,0.560129, 401,0.093130, 42,0.232466
v952: 79,0.056810, 685,0.798063, 506,0.042792, 674,0.209282, 87,0.409441
v953: 202,0.470967, 7,0.537041, 99,0.047928, 523,0.532132, 131,0.538986
v954: 34,0.739815, 221,0.077723, 15,0.288172, 804,0.303779, 106,0.612410
v955: 7,0.777505, 614,0.534221, 86,0.649018, 457,0.041960, 22,0.225728
v956: 27,0.817996, 780,0.062878, 730,0.797380, 845,0.571198, 3,0.117858
v957: 427,0.841170, 15,0.536298, 590,0.565597, 0,0.993058, 562,0.321380
v958: 80,0.433860, 3,0.881404, 50,0.749183, 354,0.516066, 763,0.523424
v959: 78,0.184762, 27,0.291635, 174,0.501115, 377,0.234234, 649,0.778456
v960: 112,0.516911, 2,0.726914, 796,0.251129, 209,0.720487, 25,0.226783
v961: 188,0.535871, 245,0.383784, 125,0.262533, 146,0.386705, 66,0.350851
v962: 201,0.755363, 1,0.384563, 434,0.353309, 363,0.068043, 139,0.593021
v963: 907,0.898525, 349,0.504221, 15,0.436321, 197,0.245354, 125,0.661690
v964: 52,0.031747, 893,0.576616, 179,0.186234, 939,0.040093, 529,0.847865
v965: 349,0.072421, 576,0.180473, 418,0.214616, 50,0.057370, 114,0.219031
v966: 176,0.260656, 45,0.849059, 871,0.129793, 736,0.434700, 28,0.000706
v967: 7,0.863563, 52,0.898468, 349,0.549623, 4,0.509226, 5,0.552995
v968: 63,0.187800, 138,0.346266, 60,0.686741, 13,0.060305, 26,0.552847
v969: 446,0.706653, 20,0.710517, 222,0.665078, 526,0.960882, 259,0.552174
v970: 244,0.389566, 772,0.438107, 907,0.257077, 119,0.697119, 606,0.471531
v971: 107,0.026952, 254,0.982168, 924,0.299191, 657,0.508351, 266,0.850143
v972: 593,0.352860, 918,0.519830, 370,0.789406, 845,0.545086, 92,0.256636
v973: 25,0.279294, 909,0.087467, 259,0.058181, 620,0.845781, 698,0.044339
v974: 908,0.210508, 520,0.009939, 256,0.053077, 349,0.065675, 184,0.797326
v975: 614,0.659543, 68,0.938606, 30,0.155214, 15,0.675681, 122,0.173947
v976: 586,0.532238, 124,0.329260, 529,0.877315, 19,0.039570, 73,0.047199
v977: 431,0.276570, 111,0.307324, 31,0.186420, 12,0.159340, 3,0.022557
v978: 502,0.107214, 346,0.942452, 28,0.793690, 6,0.554836, 1,0.133091
v979: 11,0.866752, 540,0.507383, 617,0.591628, 709,0.488696, 37,0.512292
v980: 168,0.088048, 87,0.820551, 907,0.005040, 735,0.699480, 373,0.166915
v981: 194,0.346103, 75,0.954368, 621,0.061558, 366,0.600341, 6,0.937995
v982: 10,0.881523, 6,0.758110, 289,0.556291, 17,0.586762, 610,0.711175
v983: 310,0.715504, 71,0.477776, 409,0.975637, 342,0.526035, 233,0.073436
v984: 80,0.242295, 871,0.248893, 352,0.150784, 697,0.228580, 786,0.747206
v985: 215,0.290499, 50,0.416059, 795,0.708656, 221,0.375175, 86,0.568508
v986: 829,0.917985, 93,0.575635, 860,0.695260, 214,0.240546, 13,0.851047
v987: 57,0.544845, 204,0.203453, 2,0.437268, 35,0.158366, 137,0.658659
v988: 11,0.086732, 211,0.709250, 93,0.368306, 60,0.119450, 441,0.596051
v989: 877,0.831182, 308,0.673419, 111,0.153445, 188,0.957439, 8,0.674037
v990: 352,0.536431, 78,0.800221, 478,0.320017, 621,0.531000, 821,0.512777
v991: 83,0.246866, 417,0.070859, 617,0.930111, 763,0.371708, 745,0.291038
v992: 488,0.480748, 895,0.931790, 19,0.593869, 550,0.158905, 259,0.718770
v993: 41,0.360261, 904,0.898831, 627,0.648376, 720,0.251401, 8,0.289553
v994: 804,0.513652, 204,0.945390, 100,0.165402, 593,0.906803, 441,0.635520
v995: 29,0.185976, 12,0.692530, 15,0.343476, 524,0.804731, 212,0.114890
v996: 697,0.948699, 10,0.791446, 665,0.840635, 60,0.552706, 55,0.337024
v997: 338,0.356712, 536,0.263650, 74,0.167189, 386,0.951867, 937,0.021926
v998: 786,0.504432, 2,0.992427, 164,0.727841, 43,0.829963, 21,0.185440
v999: 285,0.690115, 790,0.766522, 92,0.937586, 493,0.003592, 20,0.376823
