Number of vertices:1000
Number of edges:2027
v0: 1,0.722877, 2,0.683367, 3,0.424795, 4,0.021760
v1: 2,0.022278, 3,0.134543, 4,0.799961
v2: 3,0.572033, 4,0.399826
v3: 4,0.911707
v4:
v5: 3,0.672965, 4,0.099681
v6: 1,0.820784, 3,0.834684
v7: 2,0.528331
v8: 0,0.925900, 1,0.704755, 4,0.491117, 5,0.832560
v9:
v10: 4,0.351215, 6,0.292087
v11: 1,0.307863, 3,0.057931, 4,0.925631
v12: 3,0.113561
v13: 0,0.461817, 3,0.404601
v14: 3,0.704600
v15: 3,0.778665, 13,0.067849
v16: 3,0.215499
v17: 2,0.501543, 3,0.751216
v18: 1,0.640294
v19: 3,0.523303, 10,0.773495
v20: 4,0.774836, 11,0.323263
v21: 11,0.345527
v22: 1,0.174663, 2,0.234970
v23:
v24: 3,0.018492, 22,0.274344
v25: 3,0.055754, 4,0.853176
v26: 3,0.802675
v27: 26,0.981654
v28: 0,0.557931, 4,0.293792
v29: 4,0.814214
v30: 3,0.909147, 6,0.585878
v31:
v32: 1,0.122077
v33: 4,0.967078, 10,0.511509
v34: 4,0.235637
v35: 3,0.428895
v36: 34,0.916110
v37: 27,0.940237
v38: 3,0.207560, 34,0.983959
v39: 3,0.155736, 4,0.709103
v40: 3,0.735175, 4,0.796030, 30,0.232405
v41: 2,0.508670, 20,0.570866
v42: 8,0.555668
v43:
v44: 1,0.854197, 17,0.745529
v45: 3,0.790638, 10,0.872689
v46: 2,0.019873, 4,0.846392
v47: 6,0.725866, 30,0.822548
v48: 1,0.828046, 6,0.283797, 10,0.116340, 28,0.642260
v49: 26,0.192943, 34,0.702218
v50:
v51:
v52: 3,0.764337, 26,0.160021, 30,0.213728
v53: 6,0.999974, 14,0.588916
v54: 2,0.129837, 3,0.940211, 4,0.796476, 25,0.113796, 42,0.095948
v55:
v56: 4,0.505579, 10,0.848972
v57: 1,0.891978, 4,0.737985
v58: 3,0.357641
v59: 6,0.462844
v60: 2,0.293653
v61: 10,0.211838
v62:
v63: 3,0.208373
v64: 1,0.084292, 34,0.084528, 60,0.228247
v65: 1,0.930684
v66:
v67: 10,0.810393, 61,0.050795, 63,0.758730
v68:
v69: 2,0.094190, 3,0.167135, 27,0.400990
v70: 1,0.287133, 2,0.869354, 11,0.165327
v71: 3,0.447154, 13,0.083081, 56,0.165301
v72: 2,0.036070, 4,0.212919, 14,0.105512, 54,0.832547
v73:
v74: 29,0.326715
v75: 10,0.201460, 34,0.338126
v76: 2,0.175687, 4,0.093438, 39,0.076111
v77: 2,0.533328
v78: 3,0.556282
v79: 4,0.369764, 48,0.745166, 56,0.764655, 59,0.454056
v80: 2,0.829694, 3,0.992902, 20,0.384740, 34,0.640087
v81: 3,0.043697, 35,0.143470
v82:
v83: 2,0.734277, 34,0.210833
v84: 17,0.544460
v85: 72,0.021410
v86: 27,0.080186, 30,0.709787, 75,0.468565
v87: 10,0.163267, 42,0.875088
v88: 3,0.504635, 13,0.376186, 30,0.980600, 34,0.337182, 72,0.702901
v89: 1,0.182060
v90: 3,0.675308, 34,0.878588, 44,0.275498
v91: 30,0.751419, 40,0.411916
v92: 16,0.831779, 20,0.121183
v93:
v94:
v95: 1,0.157082, 2,0.596435, 4,0.575239, 8,0.986776
v96: 4,0.589337
v97:
v98: 15,0.959979, 35,0.626863
v99: 10,0.633034, 30,0.103449, 86,0.361140
v100: 0,0.843866, 10,0.647909, 45,0.382550
v101: 17,0.924053
v102:
v103: 81,0.357696
v104: 48,0.851115
v105: 24,0.087320, 74,0.232783
v106: 6,0.355750, 41,0.463506
v107: 100,0.213384
v108: 1,0.692932
v109: 15,0.166407, 18,0.395444
v110: 44,0.368240
v111: 30,0.044995
v112: 3,0.670941
v113:
v114: 2,0.119660
v115: 98,0.456910
v116: 10,0.502721, 95,0.240843, 111,0.613992
v117: 18,0.099155, 85,0.816082
v118: 1,0.600768
v119: 10,0.688492
v120: 71,0.776061, 119,0.227631
v121: 1,0.321526, 6,0.879510
v122: 3,0.588771, 19,0.165392
v123:
v124: 5,0.527419, 34,0.971321, 54,0.089444, 88,0.885114
v125: 0,0.822436, 19,0.176764, 30,0.117898, 40,0.178186, 60,0.640270
v126: 10,0.331282, 112,0.871118
v127: 1,0.806678, 19,0.726725, 124,0.239358
v128: 34,0.851672, 64,0.397666, 125,0.359018
v129: 54,0.308583, 79,0.900387
v130: 17,0.599861
v131: 17,0.922575
v132: 40,0.999542
v133: 2,0.415943
v134: 6,0.523343, 116,0.688034, 125,0.192004
v135: 36,0.750974, 42,0.009559, 79,0.071514
v136: 61,0.339746, 100,0.174951
v137: 27,0.598933
v138: 2,0.311067, 13,0.264396, 33,0.484048, 52,0.133503, 121,0.441160
v139: 2,0.601946, 56,0.311690
v140: 2,0.081431
v141: 30,0.933227
v142:
v143: 21,0.182808, 80,0.888108, 95,0.659952
v144:
v145: 20,0.422166
v146: 1,0.739781, 6,0.057619, 34,0.781184, 56,0.048364, 80,0.958006, 88,0.381045, 105,0.970939, 107,0.957548, 117,0.796988
v147:
v148: 7,0.494282, 52,0.645582, 88,0.988992
v149: 129,0.245257
v150: 36,0.655141, 72,0.060507, 87,0.585002
v151: 0,0.830092, 1,0.659440, 4,0.896069, 34,0.094488, 81,0.143488, 112,0.029573
v152: 2,0.535648, 3,0.745433
v153: 1,0.341262
v154: 10,0.617079, 42,0.678660, 48,0.524070, 78,0.505187, 100,0.338613, 146,0.946236
v155: 3,0.244968, 59,0.396232
v156: 63,0.727420, 95,0.293331
v157: 72,0.354237, 129,0.108465
v158: 29,0.264270
v159: 6,0.311785, 99,0.905453
v160: 13,0.758553, 17,0.957367, 34,0.894445, 135,0.003810
v161: 0,0.612508, 4,0.954952
v162: 52,0.588812, 122,0.442601, 148,0.614392
v163: 16,0.484881, 80,0.537089
v164:
v165: 6,0.757880, 105,0.514454
v166: 54,0.072737, 80,0.503313
v167: 3,0.855716, 81,0.689816
v168: 14,0.181973
v169: 1,0.379786
v170: 120,0.195003
v171: 3,0.520586, 4,0.326022, 14,0.439971, 107,0.916818, 132,0.053442
v172:
v173: 10,0.733302, 56,0.271055, 63,0.161907, 125,0.997573
v174: 1,0.582840, 54,0.067360, 99,0.756125
v175: 1,0.540207, 119,0.961805
v176: 1,0.759935, 4,0.152716, 117,0.916758
v177: 13,0.348747, 95,0.595317
v178: 86,0.531150
v179: 35,0.833628, 121,0.132406
v180: 54,0.289030, 109,0.348082, 154,0.205143, 171,0.792343
v181: 30,0.203798, 67,0.894959
v182: 3,0.974316, 30,0.583584, 135,0.089962
v183: 56,0.494902, 140,0.909605
v184:
v185: 4,0.529933, 6,0.411719, 179,0.963047
v186: 17,0.263235, 34,0.682774
v187: 4,0.124954, 19,0.260807, 75,0.265615
v188:
v189: 3,0.192314, 8,0.016932, 132,0.805822
v190:
v191: 6,0.154119, 35,0.776867, 56,0.958538, 138,0.070877
v192: 174,0.125614, 179,0.553854
v193:
v194:
v195: 29,0.602027, 99,0.959242
v196: 14,0.686260, 130,0.891056
v197:
v198: 2,0.307323, 4,0.891403, 173,0.683399
v199: 127,0.511121, 151,0.786362
v200:
v201:
v202: 151,0.657715
v203: 24,0.094705
v204: 3,0.876324, 128,0.152617
v205: 162,0.004310
v206: 3,0.406256
v207: 14,0.564336, 34,0.967358, 74,0.669491, 132,0.247110, 146,0.092312
v208: 20,0.930298
v209: 34,0.512725
v210: 171,0.284626
v211: 53,0.947231, 90,0.318547, 127,0.438745
v212: 1,0.724098
v213: 2,0.277085, 3,0.509622, 137,0.849712, 183,0.830939
v214:
v215: 0,0.111649, 29,0.808953, 53,0.517199
v216: 56,0.002705, 75,0.116277
v217: 29,0.408602, 79,0.686104, 110,0.627398, 121,0.194964, 203,0.343818
v218: 22,0.722103, 30,0.071287, 77,0.496435, 217,0.726413
v219: 1,0.477544, 22,0.060771, 217,0.693771
v220:
v221: 136,0.147034
v222: 100,0.307881
v223: 160,0.786082
v224:
v225:
v226:
v227:
v228:
v229: 30,0.077333, 79,0.820606, 179,0.070708
v230: 1,0.024563, 10,0.139153, 15,0.509453, 34,0.748661, 35,0.416238, 198,0.019075
v231:
v232:
v233: 0,0.598373, 17,0.247177
v234:
v235: 42,0.130724, 162,0.407326
v236: 30,0.764376, 215,0.133429
v237: 1,0.523603, 6,0.172978, 28,0.819532, 29,0.151001
v238: 86,0.367942, 151,0.163351
v239: 130,0.873104, 222,0.439229
v240: 4,0.659785, 122,0.599517
v241: 4,0.916773
v242: 19,0.720556, 152,0.293288
v243: 13,0.063807, 56,0.028437, 79,0.079370, 99,0.141140
v244:
v245: 3,0.849043, 13,0.150079
v246: 14,0.165703, 106,0.988196
v247: 120,0.659532, 151,0.914364, 163,0.404434
v248: 2,0.678607
v249: 69,0.512737, 132,0.651610
v250: 138,0.809330
v251: 46,0.920063
v252: 10,0.415986, 174,0.942759
v253:
v254: 2,0.443666, 5,0.588965, 14,0.762291, 38,0.594667
v255: 54,0.956906, 71,0.925642, 151,0.467771
v256: 2,0.396136, 186,0.585427
v257: 48,0.067288
v258: 6,0.312909, 69,0.305983, 125,0.360576, 146,0.376716, 230,0.334421
v259: 28,0.439946, 255,0.517856
v260: 4,0.183464, 11,0.590025, 27,0.683559, 54,0.171660, 81,0.249556, 99,0.597923, 128,0.576094, 182,0.928163
v261: 4,0.110660
v262: 15,0.227704, 180,0.737493
v263: 1,0.030723, 33,0.643691, 34,0.680252, 128,0.474388
v264: 1,0.232655, 4,0.442543, 8,0.069055
v265: 10,0.189562, 14,0.368185
v266:
v267: 36,0.536826, 44,0.585698, 191,0.953612
v268: 61,0.604114, 79,0.898606, 80,0.259596, 151,0.964689, 198,0.275322, 211,0.594017
v269: 223,0.404635
v270: 53,0.793177
v271: 47,0.777481
v272: 10,0.994660, 19,0.476736, 110,0.949141, 135,0.244216
v273: 58,0.074659, 107,0.525235, 255,0.172379
v274: 80,0.185318, 135,0.752939
v275: 40,0.909872, 99,0.216041
v276: 6,0.396630, 213,0.590124
v277: 4,0.690430, 135,0.629286, 196,0.032668
v278:
v279: 182,0.759485
v280: 2,0.818848, 14,0.400853
v281: 3,0.296311, 132,0.404545
v282: 182,0.354465, 237,0.900424
v283: 17,0.303151, 81,0.614061
v284: 4,0.865114, 98,0.578473, 238,0.208077
v285: 81,0.269749
v286: 1,0.371650, 3,0.985558, 13,0.264409, 135,0.848386
v287: 20,0.934699, 180,0.508625
v288: 4,0.923045, 173,0.459934, 230,0.681004
v289: 2,0.108364
v290: 1,0.212873, 35,0.590877, 75,0.324405
v291:
v292: 26,0.609503, 99,0.181001, 154,0.014834, 181,0.238789
v293: 29,0.213669, 179,0.774319, 255,0.057637
v294: 14,0.614521, 256,0.070630, 257,0.462182
v295: 13,0.968986, 85,0.971054, 265,0.765333
v296: 75,0.583047, 199,0.836167
v297: 4,0.343806, 17,0.791124, 136,0.105916, 262,0.715456, 277,0.776682
v298: 117,0.370325, 218,0.563842
v299: 10,0.711380, 254,0.878951
v300: 146,0.486887, 265,0.171314
v301: 61,0.559955, 120,0.595251, 127,0.384187, 132,0.150832
v302: 3,0.919656
v303: 1,0.993691, 13,0.331833, 80,0.934490, 213,0.232480
v304: 124,0.545502
v305:
v306: 1,0.708809, 161,0.290116, 255,0.160023
v307: 13,0.779438, 30,0.752298, 171,0.129010
v308: 235,0.750492
v309: 17,0.517631, 238,0.712056, 268,0.586659
v310: 122,0.861437
v311: 4,0.503180, 35,0.692576
v312: 3,0.576893, 107,0.279862
v313: 0,0.062901, 4,0.140735, 151,0.991243, 173,0.941852
v314: 206,0.627622, 260,0.162557
v315:
v316: 63,0.501807, 117,0.222873, 256,0.546744
v317: 24,0.652638
v318: 301,0.142529
v319: 4,0.540435, 14,0.984471, 81,0.077019, 127,0.772915, 268,0.529973
v320: 171,0.785828
v321: 8,0.063031, 124,0.689996, 125,0.565266
v322: 86,0.815329, 262,0.819006
v323: 1,0.315758, 238,0.332960, 304,0.531062
v324: 44,0.902418, 269,0.194397
v325:
v326: 22,0.034243, 34,0.594993, 128,0.771289, 176,0.314105, 301,0.657894
v327:
v328: 34,0.912024, 146,0.305347
v329: 48,0.599746, 128,0.539646, 283,0.467904
v330: 11,0.101553, 19,0.762519, 264,0.014648
v331: 2,0.754191, 47,0.905048, 70,0.555083, 127,0.738662, 138,0.982067
v332:
v333: 34,0.327997, 35,0.268635, 152,0.767895, 162,0.391028
v334: 195,0.958632, 268,0.333161, 284,0.206357
v335: 10,0.777637, 56,0.648919
v336: 1,0.539317
v337: 236,0.308700, 262,0.551337
v338: 286,0.733714, 290,0.342942
v339: 11,0.146330, 80,0.505003, 307,0.657047
v340: 34,0.804224, 53,0.417027
v341: 3,0.962394, 18,0.403970
v342: 3,0.956673, 64,0.430298, 303,0.505523
v343: 90,0.719193, 107,0.444946
v344:
v345:
v346: 260,0.259714
v347: 180,0.624241
v348: 99,0.000029
v349: 4,0.998376
v350: 4,0.606308, 217,0.328026, 265,0.267011, 321,0.374203
v351: 8,0.719054, 127,0.225643, 313,0.707364
v352: 2,0.925411, 138,0.003280
v353: 45,0.356283, 120,0.464728, 179,0.311979, 187,0.907620, 255,0.198442
v354: 4,0.654922, 27,0.053950, 180,0.703446
v355: 21,0.311969, 254,0.858174, 326,0.120473
v356: 119,0.274363
v357:
v358: 4,0.262144, 216,0.077146
v359: 63,0.704661, 75,0.767667, 79,0.796339
v360: 19,0.149607, 105,0.027380, 213,0.420580, 286,0.149635
v361: 2,0.025756, 222,0.026888, 230,0.477661, 264,0.292767, 275,0.401091
v362: 1,0.196715, 2,0.518410, 339,0.108455
v363: 1,0.122126, 33,0.521690
v364: 1,0.464739, 54,0.586854, 121,0.833669, 333,0.372358
v365: 35,0.785297, 79,0.488591, 189,0.426308
v366: 4,0.488742, 67,0.800559
v367: 2,0.284482, 28,0.609215, 152,0.074922
v368: 88,0.546626, 127,0.686361
v369: 56,0.779583, 239,0.314293, 258,0.482700
v370: 34,0.929190, 195,0.341673, 277,0.903280
v371:
v372: 30,0.078825, 95,0.367429, 163,0.930168, 215,0.556486
v373: 334,0.660196
v374: 1,0.331259, 307,0.753200
v375: 258,0.178606
v376:
v377: 114,0.439714, 176,0.875326
v378: 76,0.700295, 86,0.904453
v379: 8,0.462180, 125,0.533965, 155,0.276811, 256,0.247477
v380: 14,0.022555, 292,0.703119, 306,0.736220
v381: 348,0.823115
v382: 79,0.987601
v383: 53,0.345435, 210,0.898037, 286,0.534228
v384: 154,0.031796, 156,0.677620
v385: 1,0.848520
v386: 206,0.514496
v387: 53,0.606809, 254,0.190193, 295,0.417775
v388: 13,0.685634
v389:
v390: 30,0.557622, 110,0.347943, 125,0.242120, 301,0.217818
v391: 22,0.679202, 258,0.995320
v392: 77,0.396424
v393: 295,0.118916, 331,0.870646
v394: 13,0.096719
v395: 48,0.023368, 107,0.332827, 336,0.630684
v396: 64,0.300179, 156,0.580304, 238,0.653239, 308,0.003299, 366,0.316524, 377,0.476354
v397: 238,0.990900
v398: 4,0.661958
v399: 2,0.374391, 87,0.525128
v400: 156,0.693754, 256,0.052011
v401: 109,0.373648, 182,0.208250
v402:
v403: 4,0.658820, 46,0.563841
v404: 45,0.626025, 387,0.344454
v405: 1,0.121463, 213,0.973968
v406: 14,0.586574, 30,0.339281, 359,0.653170
v407: 1,0.581895, 10,0.735705, 45,0.772085, 77,0.452541
v408: 80,0.832425, 254,0.795454
v409: 295,0.785368
v410: 391,0.463108
v411: 54,0.095633, 109,0.365672
v412: 114,0.116347, 331,0.098932
v413: 4,0.682196, 185,0.592701
v414: 77,0.089832, 180,0.344154
v415: 3,0.967092, 99,0.614960
v416: 129,0.037908, 365,0.019103, 407,0.988608
v417: 110,0.246157, 199,0.677923
v418: 3,0.552449, 44,0.872183, 152,0.022377, 307,0.673913, 397,0.846151
v419: 49,0.608951
v420: 14,0.013194, 286,0.499320
v421: 11,0.190846, 83,0.748899, 133,0.271406, 145,0.643387
v422: 4,0.581324
v423: 53,0.066859, 138,0.428755, 353,0.044432
v424: 11,0.162493, 30,0.794427, 127,0.160780, 272,0.261424
v425: 391,0.476623
v426: 297,0.753481
v427: 2,0.351257, 22,0.820776, 319,0.720573
v428: 86,0.966217
v429: 15,0.858684, 238,0.739676, 260,0.954825
v430: 170,0.104842, 364,0.417598
v431: 42,0.507274, 67,0.977024, 127,0.439975
v432: 2,0.181186, 10,0.823175, 191,0.048927
v433: 80,0.194380, 375,0.322495
v434:
v435: 78,0.239773, 257,0.943280
v436: 61,0.593901, 116,0.883160, 132,0.524604
v437: 255,0.660760
v438: 28,0.311915
v439:
v440: 108,0.569036
v441: 65,0.823252, 258,0.106342
v442: 248,0.729816, 263,0.084677
v443: 255,0.582965
v444: 3,0.483297
v445: 125,0.435933
v446:
v447: 4,0.403741, 229,0.203870, 352,0.402150
v448: 1,0.262425, 176,0.943545, 444,0.356975
v449: 120,0.367267
v450: 255,0.361144, 331,0.864248
v451: 81,0.344291
v452: 75,0.801119, 359,0.045435
v453: 6,0.167466, 112,0.850045, 217,0.239815, 255,0.489960
v454: 432,0.089818
v455: 141,0.183095, 387,0.083861
v456: 3,0.972978, 76,0.707699, 138,0.744621, 306,0.284893, 386,0.276735
v457: 3,0.567873, 14,0.391235, 105,0.006550, 187,0.652550
v458: 1,0.974199, 10,0.489847, 29,0.088484, 127,0.377940, 150,0.693716
v459: 245,0.490634
v460: 48,0.640365
v461: 65,0.637261, 87,0.847608, 328,0.007632, 442,0.998405
v462: 416,0.711857
v463: 47,0.351923, 359,0.799524
v464: 17,0.757292, 44,0.519388, 307,0.649569
v465: 240,0.997107
v466: 6,0.009349
v467:
v468: 29,0.739387, 424,0.180202, 458,0.093210
v469: 6,0.712365, 314,0.887901, 395,0.837831
v470: 186,0.997258, 229,0.164635
v471: 2,0.405704, 331,0.388492
v472:
v473: 258,0.171185
v474: 25,0.058254, 295,0.362691, 306,0.661032
v475: 145,0.146738, 268,0.740632, 361,0.354748
v476: 215,0.637372
v477: 48,0.380997, 350,0.992009
v478: 46,0.484980, 88,0.388629, 284,0.990414, 395,0.196837
v479: 8,0.740552, 11,0.789938, 99,0.954129
v480: 2,0.259940, 342,0.439508
v481: 336,0.951236, 438,0.269289
v482: 3,0.178895
v483: 448,0.131438
v484: 54,0.362498, 87,0.891260, 105,0.019339, 120,0.200329, 255,0.888518, 297,0.183974, 429,0.606033
v485: 399,0.277010
v486: 15,0.355160, 117,0.664288
v487: 88,0.639701, 138,0.016192, 235,0.811026, 408,0.380333
v488: 230,0.370940
v489: 0,0.448397, 76,0.761330
v490: 0,0.362949
v491: 126,0.933377
v492: 132,0.149959
v493: 204,0.353363
v494: 0,0.130214
v495: 176,0.890510
v496: 30,0.143302, 127,0.084343
v497: 4,0.150450, 34,0.582809, 110,0.035579, 112,0.419739
v498: 331,0.761704
v499: 0,0.167017
v500: 0,0.782237, 3,0.652965, 108,0.186356, 255,0.982566
v501: 11,0.541482, 145,0.370330, 484,0.588600
v502: 1,0.818492, 40,0.725490, 80,0.252887, 143,0.458194
v503: 12,0.741681, 125,0.063913
v504:
v505: 3,0.838527, 202,0.112621, 336,0.512310
v506: 20,0.599857, 127,0.475570
v507:
v508: 1,0.445688, 20,0.749815, 378,0.828933, 471,0.575902
v509:
v510: 0,0.640326
v511: 10,0.972235, 48,0.660245, 122,0.790776
v512: 81,0.555045, 451,0.695824
v513: 414,0.210515
v514: 56,0.316749, 254,0.862841
v515: 22,0.992752
v516: 198,0.969714, 275,0.049197
v517: 35,0.975318
v518: 2,0.511196
v519: 17,0.419527, 69,0.563918, 215,0.329688
v520: 379,0.145016
v521: 2,0.816805, 4,0.787882
v522: 125,0.886698, 213,0.880718, 218,0.626409
v523:
v524: 4,0.999318, 22,0.393029, 105,0.226266
v525: 10,0.474888, 26,0.838716
v526: 30,0.976081, 160,0.303822
v527: 339,0.414619
v528: 395,0.616407
v529: 208,0.276057
v530: 14,0.074864, 30,0.407183, 86,0.831101
v531:
v532: 30,0.770688
v533: 28,0.617698, 176,0.147850, 223,0.633529
v534: 4,0.610450, 80,0.117564, 140,0.682726
v535: 3,0.585768, 36,0.628760, 152,0.102253
v536: 30,0.149686, 233,0.958448, 263,0.247269
v537: 1,0.966491, 35,0.746331, 64,0.133967
v538: 3,0.847209, 105,0.372740, 256,0.133285
v539: 237,0.240238
v540: 4,0.599006
v541:
v542: 27,0.608173, 229,0.078954
v543: 335,0.575087
v544:
v545: 14,0.911995, 34,0.493573, 254,0.191494, 362,0.188052
v546:
v547: 48,0.568437, 258,0.598677
v548:
v549: 2,0.019153
v550: 41,0.339125, 79,0.216375
v551: 2,0.167003, 5,0.972655
v552: 18,0.826824, 25,0.284567
v553: 530,0.655381
v554: 14,0.412592
v555: 2,0.913327, 105,0.757634
v556: 4,0.562278, 180,0.871775, 415,0.004903, 540,0.528769
v557: 162,0.618106
v558: 105,0.138870
v559: 14,0.375979, 117,0.990846, 198,0.272155, 394,0.616217
v560: 28,0.589851, 375,0.880328
v561: 260,0.695171
v562: 24,0.164938, 477,0.792323
v563: 0,0.188744, 306,0.356432
v564: 15,0.980374, 421,0.757182
v565:
v566: 26,0.955109
v567: 2,0.999527
v568: 342,0.096307
v569: 77,0.171483, 264,0.166530
v570: 13,0.068962, 30,0.998307, 78,0.451097
v571: 478,0.724343
v572: 2,0.410899, 15,0.364424, 237,0.481976, 516,0.973178
v573: 3,0.236199, 19,0.486879, 114,0.501947
v574: 359,0.854305, 403,0.625749
v575: 4,0.877925, 100,0.845151
v576:
v577: 4,0.897903, 54,0.494142, 321,0.435002
v578: 54,0.778231, 71,0.189313, 160,0.599939, 176,0.570554, 324,0.378058, 490,0.956371
v579: 4,0.550928, 29,0.135239
v580: 138,0.911480, 255,0.550455
v581: 161,0.231546
v582: 14,0.082963, 100,0.716985, 309,0.300508
v583: 4,0.081270, 30,0.168082, 255,0.024851, 284,0.492170, 330,0.532506
v584:
v585: 2,0.506827, 30,0.465347, 536,0.768705
v586: 107,0.993706, 125,0.967294
v587: 13,0.623010
v588: 215,0.619454, 512,0.845220
v589: 391,0.468161
v590:
v591: 14,0.517357, 29,0.339362
v592: 52,0.903162
v593: 537,0.295588
v594: 60,0.528675, 135,0.503102, 255,0.866142, 334,0.906733
v595: 140,0.459473
v596: 11,0.417070, 19,0.041972, 235,0.370953, 336,0.967524, 586,0.273519
v597: 77,0.453916, 80,0.684509, 119,0.574027
v598:
v599: 69,0.535186
v600: 10,0.852591, 119,0.598877, 359,0.027356, 594,0.385097
v601: 539,0.105704
v602:
v603: 13,0.492704, 533,0.153802, 556,0.099410
v604: 3,0.459998, 125,0.776812, 237,0.718864, 290,0.305218, 333,0.244973, 435,0.236221
v605: 26,0.644579, 122,0.148135, 163,0.531809
v606: 179,0.173255, 564,0.651237
v607:
v608: 427,0.397951
v609: 14,0.079988, 258,0.110711
v610: 20,0.815021
v611: 46,0.121960
v612: 263,0.481664, 538,0.782545
v613: 604,0.395479
v614: 353,0.935580, 383,0.467054
v615: 99,0.969506, 181,0.470766, 372,0.319645
v616: 22,0.568383, 30,0.498122, 86,0.704742, 105,0.674087, 403,0.990826, 469,0.858544
v617:
v618:
v619: 333,0.773496
v620: 11,0.450824, 88,0.635356
v621: 1,0.492360, 74,0.756041, 213,0.880329, 586,0.728581, 591,0.400621
v622:
v623: 0,0.028465, 196,0.260390, 339,0.573875, 612,0.679702
v624: 1,0.658341, 127,0.653863, 429,0.790412
v625: 354,0.473362
v626: 255,0.775823, 380,0.272076
v627: 4,0.255907, 105,0.171302, 148,0.207656, 380,0.722961
v628: 30,0.140808, 263,0.678422
v629:
v630: 11,0.042606, 40,0.709191, 213,0.176544, 286,0.747348, 627,0.383277
v631: 151,0.167370, 152,0.605892
v632: 34,0.156774, 53,0.618193, 88,0.241248, 263,0.649134, 437,0.374235
v633: 1,0.121577, 75,0.377715, 424,0.774856
v634: 58,0.150042, 110,0.638105, 613,0.348731
v635: 69,0.829744, 79,0.296447, 171,0.002594, 632,0.620156
v636: 45,0.769809, 49,0.778418
v637: 39,0.892232
v638: 521,0.025716
v639: 352,0.949720, 425,0.099888
v640: 8,0.748677, 252,0.090528, 526,0.778309
v641: 3,0.791284, 4,0.799718, 75,0.954853, 213,0.538632, 306,0.182995, 329,0.122223, 612,0.144524
v642: 41,0.339769, 306,0.740416, 339,0.385772
v643: 1,0.988903, 366,0.114651
v644: 3,0.507349, 41,0.366617, 353,0.889507, 502,0.657391
v645: 304,0.004722
v646:
v647: 128,0.238238
v648: 614,0.487135
v649:
v650: 125,0.301169, 407,0.240832, 631,0.107291
v651: 14,0.070978
v652: 105,0.019249, 213,0.999523
v653: 54,0.096694, 178,0.968969, 534,0.099410
v654: 260,0.845371, 334,0.059497, 352,0.877720, 451,0.636655
v655: 105,0.859215, 615,0.832573
v656: 154,0.175286, 254,0.042211, 331,0.954795, 469,0.319810, 612,0.381980
v657: 245,0.695212, 449,0.705582
v658: 407,0.370882
v659: 6,0.809863, 22,0.212931, 53,0.737500
v660: 616,0.699369
v661: 77,0.870322
v662: 99,0.742222
v663: 30,0.937607, 77,0.357457, 539,0.043391
v664: 34,0.178439
v665: 88,0.464747, 482,0.114369, 596,0.197688
v666: 53,0.464270, 71,0.211062, 260,0.166657
v667: 233,0.563681
v668: 634,0.056433
v669: 255,0.226154
v670: 56,0.441400, 331,0.693088
v671: 3,0.085370, 22,0.273973, 58,0.868374, 171,0.127580, 401,0.228768, 521,0.188184
v672: 3,0.509560, 288,0.923980, 407,0.893766
v673: 4,0.880442, 77,0.733843, 151,0.106698
v674: 56,0.617942, 154,0.433212
v675:
v676: 34,0.977020
v677: 119,0.360164, 128,0.370819, 155,0.334477, 624,0.403555
v678:
v679: 4,0.549257, 34,0.799225
v680: 280,0.517924
v681: 3,0.746945, 35,0.263495, 199,0.728986
v682: 33,0.913603, 39,0.827175
v683: 3,0.785419
v684: 4,0.139757, 286,0.268575
v685: 159,0.478507, 268,0.225127, 313,0.542548, 449,0.346881
v686: 30,0.352707, 162,0.771316
v687: 3,0.535065, 64,0.862267, 265,0.695296
v688: 2,0.428832, 151,0.742709, 429,0.429139, 632,0.535530
v689: 52,0.360651, 380,0.862351
v690: 484,0.512550
v691: 3,0.720815, 154,0.233170, 596,0.847027
v692: 256,0.124370
v693: 3,0.782427, 30,0.646252, 56,0.642293, 80,0.529372
v694: 135,0.909746, 370,0.371279
v695: 71,0.442975
v696: 45,0.736922, 154,0.156698, 331,0.582732
v697: 313,0.005497, 353,0.635205, 569,0.807859
v698: 88,0.548045, 138,0.982086, 331,0.160566
v699: 2,0.319362
v700:
v701: 56,0.517152, 522,0.022833, 547,0.014658, 558,0.945984, 564,0.765542
v702: 255,0.443797
v703:
v704: 306,0.481514
v705: 1,0.126193, 59,0.306148, 217,0.994064
v706: 195,0.847007, 361,0.539317
v707: 181,0.841091
v708: 162,0.971377, 639,0.321744
v709: 17,0.487342, 170,0.613670, 309,0.851117, 515,0.397089
v710: 230,0.984949, 256,0.294092
v711: 18,0.134011, 25,0.141647, 30,0.876824, 448,0.139508
v712: 74,0.776853, 114,0.684683, 400,0.687553
v713: 396,0.758939
v714: 3,0.845249, 81,0.006915
v715: 1,0.276091, 216,0.868081, 563,0.021572
v716: 0,0.222075
v717: 10,0.633623
v718: 53,0.465369, 525,0.703588, 603,0.759816
v719:
v720: 276,0.771517, 477,0.697652
v721:
v722: 158,0.606823, 213,0.310834, 319,0.538743, 560,0.578200
v723: 407,0.632579
v724: 233,0.026085, 427,0.191871, 631,0.483695
v725: 46,0.423174, 412,0.176820
v726: 30,0.777787
v727: 268,0.557185, 352,0.318467
v728: 12,0.654611, 41,0.696693, 105,0.095320
v729: 128,0.339294, 306,0.384246, 331,0.854259
v730: 433,0.184543
v731: 60,0.391160, 240,0.130350, 596,0.052624
v732: 331,0.412733, 481,0.352425
v733: 2,0.686248, 521,0.878102
v734: 421,0.056013, 431,0.446064, 492,0.649619, 537,0.753666
v735: 3,0.052887, 330,0.960453
v736: 1,0.292408, 125,0.631087, 151,0.593032, 470,0.318494
v737: 272,0.822958, 478,0.076728, 711,0.741668
v738: 80,0.999777, 127,0.854515, 365,0.298853
v739: 14,0.318245, 86,0.509126, 453,0.995546
v740: 34,0.413565, 301,0.848420, 406,0.379791
v741: 1,0.267824, 32,0.032963
v742: 722,0.770951
v743: 160,0.398174
v744: 6,0.085588, 431,0.183684
v745:
v746: 180,0.750599
v747: 3,0.771835, 597,0.061786
v748: 8,0.806612, 170,0.217899, 644,0.711405
v749: 34,0.560278, 70,0.270786, 138,0.671858, 475,0.852686, 635,0.901873
v750: 4,0.264890
v751: 182,0.171180, 359,0.724831, 729,0.341618
v752:
v753: 3,0.912848, 99,0.724608, 189,0.196133
v754:
v755: 11,0.211701, 132,0.042853, 583,0.705259
v756: 281,0.207247
v757: 29,0.456417, 229,0.553679, 522,0.587038
v758: 737,0.724241
v759: 0,0.586642, 125,0.357989, 265,0.122415, 399,0.672229
v760: 3,0.541673, 56,0.873013, 79,0.444065, 138,0.603459
v761: 3,0.679625, 95,0.661964, 530,0.314864
v762:
v763: 14,0.239903, 48,0.932749
v764: 388,0.986722
v765: 682,0.092589
v766: 369,0.834622, 393,0.251613
v767: 213,0.263769, 394,0.559453
v768: 11,0.593231, 19,0.176617, 137,0.284062, 272,0.789364, 303,0.388317, 761,0.326914
v769: 72,0.494622, 80,0.595564
v770: 30,0.783332, 75,0.048301
v771:
v772: 1,0.182602, 79,0.507573, 128,0.634943
v773: 3,0.540591, 15,0.629988, 205,0.307173, 207,0.082265, 269,0.503001, 437,0.751237
v774: 477,0.685724
v775: 71,0.182627, 370,0.413201
v776: 433,0.000588
v777: 162,0.422530, 520,0.345950, 753,0.987311
v778: 6,0.515119, 724,0.180573
v779: 255,0.238923, 733,0.778887
v780:
v781: 237,0.740026
v782: 48,0.832154, 283,0.955504, 726,0.024088, 732,0.621518
v783: 421,0.343821
v784: 1,0.351002, 729,0.116140
v785: 65,0.939385, 331,0.134334
v786:
v787: 151,0.164441
v788: 365,0.121987
v789: 3,0.641907
v790: 458,0.799384
v791: 17,0.662579
v792: 61,0.271895, 109,0.106557, 339,0.744843, 351,0.774896
v793:
v794: 621,0.857794
v795: 28,0.430567, 229,0.957522
v796: 14,0.270995, 105,0.431155, 737,0.380052
v797: 744,0.616946
v798: 11,0.418466, 17,0.895170, 653,0.797518
v799: 54,0.657389, 336,0.674058
v800: 124,0.537544, 171,0.489544, 522,0.629562
v801: 18,0.561632, 20,0.111061, 30,0.973383, 162,0.912634
v802: 26,0.227202, 78,0.912768, 254,0.046968, 260,0.391643
v803: 243,0.034756
v804: 0,0.688875
v805: 6,0.191027, 54,0.697334, 70,0.960769, 79,0.297585
v806: 414,0.442177, 768,0.735665
v807: 21,0.155379, 120,0.872745, 128,0.693188
v808: 107,0.426374, 262,0.303900, 441,0.073239
v809: 22,0.043320, 57,0.722366, 207,0.968410, 484,0.840839, 530,0.379755, 583,0.642467
v810:
v811: 88,0.378383, 283,0.869299, 380,0.272029, 409,0.940015, 687,0.980360
v812: 53,0.245412, 54,0.852649, 125,0.207562, 321,0.158180, 737,0.899617
v813: 100,0.599205, 610,0.192936
v814:
v815: 681,0.588492
v816: 143,0.790232
v817:
v818: 667,0.890270
v819:
v820: 56,0.549261, 124,0.087817, 444,0.332447
v821: 218,0.284926, 403,0.243196
v822: 326,0.205192
v823: 4,0.978114, 553,0.669570
v824: 162,0.509092
v825:
v826: 30,0.051353
v827:
v828: 125,0.712890, 222,0.231458, 290,0.019763
v829: 95,0.553728
v830: 0,0.611213, 208,0.662230
v831: 42,0.932111, 77,0.480511, 265,0.934259, 447,0.872126
v832:
v833:
v834: 81,0.460871, 262,0.179672, 725,0.724775
v835: 61,0.668433, 195,0.337852
v836: 1,0.624392, 180,0.267638, 255,0.530788
v837: 671,0.212884, 724,0.057870
v838:
v839:
v840: 10,0.421058
v841: 347,0.762145, 365,0.145686, 483,0.753505, 521,0.047071
v842: 127,0.388882, 432,0.958697, 569,0.025184
v843: 151,0.058452, 218,0.467789
v844: 143,0.076538, 301,0.771341, 714,0.699247
v845: 11,0.096300, 30,0.325070, 54,0.310460, 218,0.758531, 533,0.257181
v846: 138,0.790971, 240,0.692790, 262,0.129308, 458,0.251843
v847: 81,0.872462, 248,0.854083
v848: 11,0.920276
v849: 249,0.210314
v850:
v851: 3,0.478475, 34,0.187913, 254,0.741102
v852: 331,0.691358, 484,0.245783
v853: 156,0.162159, 572,0.453503, 744,0.391469
v854: 1,0.915665, 616,0.500574
v855: 292,0.780351, 461,0.874362, 644,0.525758
v856: 3,0.838802, 52,0.342151, 364,0.602296
v857: 39,0.610143, 61,0.041398, 856,0.698596
v858: 10,0.935213
v859:
v860: 35,0.351858, 48,0.457127, 435,0.192395
v861: 44,0.142829
v862: 3,0.149917
v863: 210,0.321702, 461,0.394672
v864: 243,0.022379, 671,0.175785
v865: 2,0.314947, 4,0.232693
v866: 1,0.654260, 15,0.502861, 281,0.973794
v867: 191,0.345619, 448,0.748643, 737,0.135954, 856,0.799122
v868: 4,0.140112, 625,0.051618
v869: 279,0.299695, 309,0.920463, 813,0.925980
v870: 3,0.825454
v871: 138,0.759265, 845,0.268132
v872: 152,0.427749
v873: 768,0.369408
v874: 2,0.309530, 168,0.126346, 260,0.304622
v875: 516,0.661388, 845,0.583473
v876: 2,0.497016, 116,0.804217, 171,0.733390, 395,0.818719, 620,0.198889
v877: 3,0.755769, 753,0.994504
v878: 6,0.513836
v879: 338,0.988462, 352,0.648764
v880: 134,0.016697
v881: 3,0.962256, 380,0.994383, 553,0.765340, 699,0.098210, 847,0.793505
v882:
v883: 56,0.905452, 72,0.149829
v884: 132,0.093200, 287,0.825915, 802,0.075809
v885: 4,0.918654, 80,0.585180, 466,0.343941, 741,0.346403
v886: 217,0.954588
v887: 0,0.653471, 258,0.472749
v888: 75,0.259209, 81,0.314858, 603,0.056221
v889: 1,0.756226, 17,0.119075, 98,0.789611, 289,0.574944, 809,0.317964
v890: 111,0.545381, 370,0.569448, 457,0.831800
v891:
v892: 128,0.533843, 258,0.218213
v893: 652,0.848497
v894: 491,0.496099
v895: 0,0.212596, 484,0.613837, 851,0.594309
v896: 54,0.006100, 117,0.519289, 146,0.744138, 538,0.099300, 828,0.345204
v897:
v898: 3,0.819947, 4,0.017954, 105,0.930383
v899: 616,0.163887
v900:
v901: 34,0.364357, 242,0.884971, 512,0.817358
v902:
v903: 491,0.837105, 808,0.144181
v904: 395,0.132216, 470,0.893327, 726,0.900406
v905: 10,0.251292, 154,0.682938, 274,0.475351, 652,0.569256
v906: 505,0.228319
v907: 88,0.044799
v908: 1,0.401056, 95,0.762161
v909: 349,0.263012
v910:
v911: 114,0.249553
v912: 17,0.258260, 379,0.475607
v913: 222,0.863390, 492,0.852569
v914: 154,0.481708
v915: 60,0.382679
v916: 3,0.596707, 796,0.581008
v917: 662,0.727883
v918: 30,0.416653, 306,0.598962, 367,0.658266
v919: 569,0.580540
v920: 2,0.963319, 604,0.543237
v921: 75,0.397898, 295,0.800425, 331,0.687418
v922: 1,0.530114, 4,0.693751
v923: 151,0.587824, 521,0.781406
v924:
v925: 731,0.376689
v926: 79,0.063175, 146,0.350662, 388,0.605008, 520,0.107974
v927: 45,0.751718, 347,0.367169, 722,0.370986
v928: 105,0.001271, 107,0.625430
v929:
v930: 198,0.846593, 468,0.864661, 734,0.477999, 813,0.328301
v931: 6,0.247340, 146,0.074705
v932: 1,0.909309, 60,0.975223, 484,0.491359, 616,0.508271, 677,0.633489
v933: 72,0.071899, 127,0.471590, 768,0.176726
v934: 564,0.469797
v935: 154,0.272015
v936: 81,0.864144, 145,0.999911
v937: 390,0.965766, 653,0.451969, 738,0.781317
v938: 57,0.342456, 331,0.515143, 681,0.131979, 734,0.947464, 843,0.623117
v939: 77,0.883697, 99,0.314633, 178,0.994103
v940: 18,0.884967, 36,0.940063, 403,0.840696
v941: 3,0.749628, 465,0.418062
v942: 342,0.168997
v943: 48,0.996968, 133,0.492767, 176,0.078306, 855,0.972191
v944: 260,0.984126, 267,0.586577, 656,0.605680
v945: 45,0.056025, 261,0.058168, 744,0.782406
v946: 1,0.525822, 10,0.330182, 42,0.646550
v947: 395,0.525734, 709,0.295948
v948: 1,0.098519, 7,0.307051, 80,0.638404, 217,0.613662, 257,0.439030
v949: 125,0.585868, 307,0.236779, 395,0.322726
v950:
v951: 4,0.900501, 798,0.230882
v952: 342,0.207694, 734,0.840564
v953: 132,0.071578, 630,0.957322
v954: 129,0.258625, 734,0.240575
v955:
v956: 30,0.954290, 143,0.751392, 353,0.318881, 413,0.926480, 570,0.735518
v957: 182,0.905459
v958: 403,0.532160
v959: 277,0.791543
v960: 19,0.963626, 456,0.314566
v961: 141,0.317365, 198,0.293809, 516,0.961116
v962:
v963: 22,0.843098, 48,0.589757, 535,0.059635, 779,0.150149
v964: 4,0.228161
v965: 4,0.673297
v966: 331,0.589179, 347,0.814029, 535,0.910077, 714,0.911905
v967: 128,0.714530, 246,0.140959
v968: 4,0.119599, 19,0.555093, 408,0.212537, 620,0.076920
v969: 237,0.813718, 856,0.453113
v970: 1,0.031210, 4,0.565111, 30,0.771994, 125,0.957690, 748,0.300629, 856,0.677453
v971: 2,0.489850, 484,0.092172
v972: 4,0.641080, 54,0.804416
v973: 8,0.409537, 40,0.934888, 808,0.765532
v974: 241,0.252635, 812,0.524645
v975: 19,0.825167, 328,0.402784
v976: 569,0.752807, 923,0.498464
v977: 75,0.991963, 198,0.566835
v978: 18,0.408541, 27,0.903868, 480,0.281365, 898,0.549500
v979: 187,0.023467, 937,0.836458
v980: 22,0.762037, 339,0.100388, 424,0.650177
v981: 65,0.215150, 120,0.131598
v982: 112,0.215287, 321,0.987144, 555,0.089288
v983: 218,0.515916, 230,0.664597
v984: 581,0.579137, 749,0.608088, 811,0.305677
v985: 99,0.383553, 134,0.017625, 625,0.240565
v986: 75,0.149085, 109,0.270260, 808,0.765211
v987: 480,0.974252
v988: 54,0.673044
v989: 905,0.518017
v990: 387,0.472716, 943,0.665007
v991: 260,0.084853, 695,0.881257
v992:
v993: 11,0.568876, 17,0.366218, 34,0.430757, 280,0.592343
v994: 14,0.202676, 295,0.192795
v995: 171,0.692730
v996: 296,0.852852, 360,0.407945
v997: 56,0.824328, 88,0.068140
v998: 1,0.395089, 448,0.913616
v999: 1,0.584056, 441,0.059686, 739,0.492753
