Number of vertices:1000
Number of edges:1945
v0: 1, 0.632413, 2, 0.966851, 3, 0.867867, 4, 0.245911
v1: 2, 0.018561, 3, 0.955126, 4, 0.808804
v2: 3, 0.562006, 4, 0.640152
v3: 4, 0.035794
v4:
v5: 0, 0.592649, 1, 0.644778, 3, 0.787689
v6: 1, 0.691962, 2, 0.812289, 3, 0.140197
v7: 0, 0.285361, 3, 0.058539
v8: 0, 0.866709
v9: 2, 0.774749
v10: 0, 0.207742
v11: 6, 0.518880
v12: 3, 0.814792
v13: 7, 0.214186
v14: 0, 0.832160, 2, 0.111471
v15: 4, 0.494470, 14, 0.551069
v16: 1, 0.809421
v17:
v18: 0, 0.941392, 15, 0.975552
v19: 1, 0.103326, 4, 0.608156
v20: 4, 0.284405
v21: 1, 0.993312, 8, 0.591298
v22: 4, 0.951853, 5, 0.788692
v23: 3, 0.546808, 7, 0.198221
v24: 2, 0.495260, 3, 0.833521, 22, 0.982728
v25: 3, 0.713507, 22, 0.919095
v26: 0, 0.225395, 23, 0.220600
v27: 1, 0.631412, 5, 0.137762, 11, 0.372796
v28:
v29: 0, 0.587963, 4, 0.887985, 7, 0.367916, 12, 0.556687, 16, 0.241493
v30: 1, 0.766282, 24, 0.898545, 26, 0.850350
v31: 4, 0.826539, 5, 0.646333
v32: 3, 0.922425
v33: 0, 0.195589, 3, 0.265591, 7, 0.781431, 31, 0.511062
v34: 1, 0.410710, 3, 0.800437, 5, 0.943352
v35: 0, 0.923087
v36: 18, 0.330767, 24, 0.205192, 31, 0.654928
v37: 21, 0.369809
v38: 2, 0.382453
v39: 3, 0.894683, 18, 0.941276
v40: 5, 0.028359, 14, 0.633174
v41: 1, 0.759600, 22, 0.590232, 23, 0.037411
v42: 5, 0.764699, 31, 0.298383, 33, 0.926000
v43: 11, 0.280332
v44: 22, 0.540404, 31, 0.561883, 32, 0.559567
v45: 2, 0.635581, 3, 0.206980, 4, 0.717757, 19, 0.346994
v46: 1, 0.924991, 24, 0.330381
v47: 2, 0.707270
v48: 1, 0.090944, 40, 0.495004
v49: 0, 0.523923, 5, 0.568149, 8, 0.887235, 26, 0.765301
v50: 33, 0.413347, 41, 0.125690, 47, 0.466449
v51: 15, 0.602554, 37, 0.127626
v52: 11, 0.010120, 19, 0.085513, 23, 0.223220
v53: 0, 0.657885, 29, 0.074259
v54: 3, 0.063483, 22, 0.957385, 36, 0.770858, 52, 0.812604
v55: 33, 0.434829, 44, 0.177493
v56: 0, 0.126268, 6, 0.184757, 7, 0.204065, 29, 0.724803
v57:
v58: 11, 0.766284, 18, 0.942130, 51, 0.384292
v59: 3, 0.792579
v60: 6, 0.868918, 25, 0.903170, 53, 0.579298
v61: 0, 0.257058, 11, 0.379039
v62: 2, 0.512746
v63: 0, 0.715447, 46, 0.523506
v64: 5, 0.573128, 33, 0.569100, 49, 0.862851
v65:
v66: 25, 0.933037, 62, 0.555304
v67: 4, 0.000729
v68: 54, 0.253652, 56, 0.136442
v69: 55, 0.185697
v70: 19, 0.007751
v71: 56, 0.270409, 62, 0.770524
v72: 62, 0.191072
v73: 22, 0.340824, 37, 0.231062
v74:
v75: 0, 0.450860, 1, 0.600701, 14, 0.980750
v76: 41, 0.470824, 50, 0.138588, 59, 0.240450, 68, 0.236303
v77: 3, 0.536857, 33, 0.957773
v78: 27, 0.283399
v79: 47, 0.089176, 58, 0.780377, 60, 0.794470
v80: 7, 0.662001, 11, 0.254557, 14, 0.346467, 49, 0.063921, 75, 0.325880
v81: 8, 0.072244
v82: 3, 0.201029
v83: 15, 0.699435
v84: 46, 0.400448
v85: 5, 0.324359, 29, 0.502744
v86: 5, 0.619538, 63, 0.573713
v87: 1, 0.389041, 14, 0.614079
v88: 7, 0.820928, 50, 0.342082, 55, 0.372691, 75, 0.818718
v89: 2, 0.192522, 4, 0.717569, 56, 0.190564
v90:
v91: 0, 0.814269, 1, 0.414702, 70, 0.898515
v92: 7, 0.334725, 15, 0.722443, 40, 0.100891, 44, 0.675783
v93: 1, 0.891687, 7, 0.577518
v94: 3, 0.340981, 71, 0.866920
v95: 0, 0.325604
v96: 5, 0.428374
v97: 3, 0.675981
v98: 1, 0.214246, 2, 0.840869, 11, 0.490834, 14, 0.442026
v99: 3, 0.131972, 15, 0.047582, 31, 0.715081, 34, 0.367957, 58, 0.261225, 59, 0.404719
v100: 8, 0.112991
v101: 2, 0.042071, 29, 0.089829
v102: 2, 0.751452, 3, 0.649729
v103: 1, 0.003102, 3, 0.137339, 8, 0.254776, 11, 0.021949, 44, 0.892291
v104: 22, 0.742132, 25, 0.016399, 56, 0.613201, 61, 0.064192
v105: 24, 0.869471, 44, 0.203612, 80, 0.115224
v106: 64, 0.574873
v107: 2, 0.887360
v108: 0, 0.861023
v109: 56, 0.207643, 87, 0.852051
v110: 30, 0.422825, 54, 0.415087, 64, 0.361663
v111: 53, 0.476316
v112: 7, 0.442802, 29, 0.176886
v113:
v114: 109, 0.917481
v115: 0, 0.110063, 44, 0.821346, 98, 0.364871
v116: 3, 0.386899, 4, 0.608851, 103, 0.963500
v117: 0, 0.546113, 1, 0.523477
v118: 0, 0.077469, 19, 0.017901, 84, 0.866586
v119: 60, 0.702882
v120: 0, 0.340625, 3, 0.877541, 11, 0.824018, 70, 0.276194
v121: 51, 0.985722
v122: 58, 0.037265
v123: 4, 0.316838, 11, 0.092848
v124: 33, 0.493772
v125: 40, 0.819920
v126: 10, 0.398791, 36, 0.478216
v127: 70, 0.367909
v128: 30, 0.439221
v129: 0, 0.990830
v130: 24, 0.886001, 116, 0.018715
v131: 68, 0.546883, 129, 0.468112
v132: 2, 0.553688
v133: 3, 0.841889, 5, 0.635834, 39, 0.459915
v134: 0, 0.798750, 2, 0.590733
v135: 4, 0.451830, 5, 0.907630, 80, 0.537672, 98, 0.652886
v136: 45, 0.049662, 75, 0.663115
v137:
v138: 4, 0.969426, 33, 0.134666, 88, 0.335463
v139: 2, 0.123043, 3, 0.990844
v140: 0, 0.107010, 4, 0.514315, 63, 0.085577
v141: 0, 0.289187
v142:
v143: 44, 0.367706
v144: 4, 0.030352
v145: 0, 0.128751, 27, 0.920655, 29, 0.449954
v146: 41, 0.383422, 75, 0.166996
v147: 3, 0.706561
v148: 4, 0.168081, 7, 0.934715, 50, 0.752774, 133, 0.866874
v149: 0, 0.556882, 14, 0.523747
v150:
v151: 2, 0.610024
v152: 5, 0.680989, 23, 0.377276
v153:
v154: 7, 0.881634, 97, 0.625732, 116, 0.681751
v155: 1, 0.196008, 45, 0.309456, 118, 0.026902
v156: 141, 0.146328
v157: 141, 0.326493
v158: 2, 0.371151, 136, 0.933354
v159: 1, 0.877439, 2, 0.116649
v160: 0, 0.518483, 1, 0.151054, 5, 0.759085, 132, 0.947393, 148, 0.832595
v161: 0, 0.428477, 80, 0.408747, 116, 0.812079
v162: 54, 0.614809, 79, 0.088692, 152, 0.641156
v163: 15, 0.914784
v164: 70, 0.772657, 97, 0.042260, 127, 0.271506
v165: 7, 0.203079
v166: 23, 0.148177
v167: 2, 0.417183, 56, 0.600666
v168: 4, 0.389672
v169: 64, 0.210912
v170: 56, 0.802234
v171: 2, 0.147886, 3, 0.523464, 33, 0.863269
v172: 36, 0.960178
v173: 29, 0.704522, 33, 0.907422, 155, 0.034104, 160, 0.183570
v174:
v175: 56, 0.259917
v176: 0, 0.427758
v177: 62, 0.322391, 105, 0.427396, 134, 0.248479
v178: 120, 0.186161
v179:
v180: 0, 0.803214, 35, 0.615827, 51, 0.207301
v181: 55, 0.113624, 145, 0.680416
v182: 44, 0.747563
v183: 2, 0.287885, 4, 0.480802, 40, 0.845080, 45, 0.264519, 172, 0.766373
v184: 54, 0.437264
v185: 29, 0.100263, 71, 0.122120, 117, 0.472820
v186: 0, 0.690671, 7, 0.104335, 47, 0.566451, 68, 0.336820
v187: 4, 0.939524, 7, 0.576902
v188: 30, 0.993386
v189: 7, 0.838016, 33, 0.526891, 62, 0.449702
v190: 160, 0.136873, 183, 0.420839
v191: 29, 0.036764, 34, 0.899750, 66, 0.095531
v192:
v193: 13, 0.593068
v194:
v195: 6, 0.693339, 23, 0.955833, 105, 0.690422, 191, 0.918151
v196: 0, 0.371253, 7, 0.650874
v197:
v198: 103, 0.239660
v199: 11, 0.971421, 55, 0.665884
v200:
v201: 11, 0.519605, 55, 0.009403, 76, 0.029555, 99, 0.731306
v202: 10, 0.062627, 133, 0.568840
v203: 20, 0.493491
v204: 98, 0.095908, 103, 0.926792, 173, 0.594528, 191, 0.230979
v205: 11, 0.069185, 140, 0.788044
v206: 1, 0.661565, 30, 0.917884, 33, 0.877728, 67, 0.966736
v207: 5, 0.932711, 34, 0.080876
v208: 0, 0.290990, 3, 0.664857, 14, 0.248914
v209: 4, 0.494636, 34, 0.341302, 36, 0.267037
v210: 76, 0.084045
v211: 2, 0.544635, 7, 0.680507, 75, 0.280389, 128, 0.489844
v212: 24, 0.805576
v213: 55, 0.308018, 99, 0.859035
v214: 105, 0.798852, 158, 0.313528
v215:
v216: 8, 0.470521, 44, 0.040389, 183, 0.815262
v217:
v218: 4, 0.106556
v219: 22, 0.878470, 27, 0.453348, 40, 0.422956, 56, 0.614594
v220: 45, 0.478568
v221: 3, 0.284855, 22, 0.558578
v222: 4, 0.015754, 31, 0.769289
v223: 5, 0.434914, 140, 0.603645, 163, 0.468175
v224: 5, 0.608988, 116, 0.265705
v225:
v226: 50, 0.701873, 135, 0.385054
v227: 88, 0.600275
v228: 42, 0.828458, 208, 0.900836
v229: 7, 0.347188, 54, 0.185739
v230: 3, 0.708281, 195, 0.086288
v231: 58, 0.247308, 75, 0.505730
v232: 16, 0.803478, 44, 0.048871
v233: 54, 0.367413
v234: 0, 0.102643, 5, 0.122740, 44, 0.897247, 67, 0.026042
v235: 2, 0.680497, 80, 0.113468, 219, 0.051898, 223, 0.255264
v236: 3, 0.218004
v237: 1, 0.999395, 5, 0.837326, 75, 0.945954
v238:
v239:
v240: 42, 0.643839, 222, 0.006645
v241: 0, 0.685177, 21, 0.774247, 132, 0.766087, 183, 0.624446, 202, 0.068982
v242: 4, 0.384842
v243: 0, 0.032844
v244: 18, 0.010791, 99, 0.371662, 209, 0.526754
v245: 24, 0.158047, 54, 0.294051, 139, 0.115236
v246: 64, 0.774336, 98, 0.259429
v247: 5, 0.218264, 7, 0.364905, 136, 0.957864
v248: 5, 0.816647, 36, 0.394176
v249: 2, 0.907837, 68, 0.024515
v250:
v251: 24, 0.025948, 80, 0.110833, 141, 0.763140
v252: 0, 0.092874, 3, 0.926155, 14, 0.888102, 54, 0.326026, 56, 0.522054
v253: 101, 0.159474
v254: 29, 0.277388, 46, 0.064742
v255:
v256: 61, 0.125014, 130, 0.107248
v257:
v258: 3, 0.525305, 173, 0.807387
v259: 103, 0.749996, 251, 0.184366
v260: 58, 0.641224
v261: 51, 0.054867, 162, 0.145331
v262: 7, 0.580755, 171, 0.753524
v263: 0, 0.472087, 63, 0.370768, 104, 0.500517
v264:
v265:
v266:
v267: 219, 0.181701
v268:
v269: 3, 0.855703, 45, 0.794450, 50, 0.316866, 88, 0.569638, 189, 0.907363
v270: 19, 0.051754, 125, 0.823478, 173, 0.191086
v271: 105, 0.580499, 195, 0.444286
v272: 55, 0.108247, 227, 0.302341
v273:
v274: 2, 0.444629
v275: 7, 0.876946, 58, 0.832914
v276:
v277: 54, 0.793539, 73, 0.009435, 177, 0.572102, 246, 0.325394
v278: 0, 0.890377, 5, 0.571935, 117, 0.516690
v279: 26, 0.003582, 29, 0.200722
v280: 249, 0.533295
v281: 3, 0.095721, 204, 0.784810
v282: 5, 0.302562
v283: 63, 0.162726, 80, 0.928573, 140, 0.520146
v284: 3, 0.087662, 33, 0.339214
v285: 4, 0.169629, 73, 0.952352, 105, 0.188014
v286: 91, 0.953345, 214, 0.874843, 270, 0.486041
v287: 0, 0.894849, 5, 0.733169
v288: 154, 0.371986, 186, 0.964156
v289: 258, 0.562511
v290: 1, 0.114067, 23, 0.128991, 44, 0.943597, 161, 0.029967
v291: 58, 0.653558, 103, 0.342408
v292: 45, 0.853004, 278, 0.444874
v293: 3, 0.996520, 76, 0.509997, 229, 0.522588
v294: 33, 0.138026, 109, 0.795626, 258, 0.091260
v295: 1, 0.812059, 116, 0.271818, 173, 0.445126
v296: 0, 0.237911, 171, 0.572752
v297: 1, 0.248477, 5, 0.155920, 139, 0.541201
v298: 40, 0.956862
v299: 7, 0.983192
v300: 4, 0.501019, 70, 0.622120, 91, 0.967166, 206, 0.154619, 294, 0.679490
v301: 23, 0.191730, 177, 0.412491
v302: 63, 0.741512, 148, 0.587167
v303: 87, 0.513628
v304: 140, 0.546362
v305: 40, 0.711273, 189, 0.369451
v306: 30, 0.358544
v307: 0, 0.048376, 36, 0.058415, 61, 0.773719, 228, 0.887142
v308: 41, 0.187638, 146, 0.631400
v309: 4, 0.938026, 14, 0.396905, 133, 0.784535
v310:
v311: 4, 0.677968
v312: 21, 0.615250, 106, 0.499293, 160, 0.615842
v313: 27, 0.459843, 48, 0.574972
v314: 68, 0.552952
v315: 39, 0.470020, 189, 0.621102, 292, 0.855827
v316: 45, 0.880756, 161, 0.871203, 164, 0.302797, 228, 0.107630, 312, 0.945300
v317: 1, 0.649614, 2, 0.062609, 116, 0.263533
v318: 59, 0.204375, 163, 0.932289
v319:
v320: 277, 0.985146
v321: 45, 0.344596, 116, 0.633121
v322: 128, 0.858706
v323: 3, 0.275439, 41, 0.308773, 172, 0.548013
v324:
v325:
v326: 4, 0.461685, 183, 0.534062
v327: 0, 0.974560, 24, 0.422845, 54, 0.752607
v328: 99, 0.060315
v329: 18, 0.711441, 99, 0.188392, 118, 0.296766
v330: 58, 0.751351, 278, 0.956181
v331: 14, 0.541126
v332: 50, 0.701669
v333: 80, 0.952729, 300, 0.519445
v334: 1, 0.313962, 4, 0.757630, 76, 0.480316
v335: 252, 0.663942
v336: 62, 0.868439
v337: 3, 0.854923, 122, 0.694861
v338:
v339: 4, 0.523979, 51, 0.515876
v340: 0, 0.324153, 5, 0.036187, 50, 0.192422
v341:
v342: 53, 0.041537
v343: 0, 0.110158, 166, 0.423310
v344: 60, 0.571650, 196, 0.729088
v345: 0, 0.787054, 40, 0.023792
v346: 241, 0.864044
v347: 2, 0.991881, 315, 0.538635, 340, 0.840619
v348: 0, 0.286070
v349:
v350:
v351: 27, 0.976119
v352:
v353: 44, 0.638990
v354: 8, 0.512306, 31, 0.320178
v355:
v356: 6, 0.231348, 44, 0.258896, 124, 0.262393, 229, 0.043177
v357: 21, 0.675570, 50, 0.297685, 347, 0.189060
v358: 11, 0.531739
v359: 105, 0.929289, 235, 0.553141, 251, 0.647706, 291, 0.988457
v360: 52, 0.995560, 56, 0.383270, 251, 0.623238
v361: 270, 0.768507
v362:
v363: 116, 0.303840, 166, 0.634237
v364: 12, 0.614201
v365: 139, 0.876297
v366: 16, 0.927542
v367: 30, 0.198011, 45, 0.975014, 71, 0.057178, 166, 0.998042
v368: 0, 0.094719, 21, 0.945077, 29, 0.916099
v369: 2, 0.881539, 14, 0.033817, 172, 0.369492, 278, 0.051052, 307, 0.038022
v370: 1, 0.039744, 4, 0.971992, 44, 0.263377, 260, 0.572281
v371: 183, 0.327221
v372: 2, 0.603633, 58, 0.260079, 68, 0.150739, 85, 0.475793, 148, 0.653516
v373: 10, 0.636978, 67, 0.694470
v374:
v375: 27, 0.959158, 68, 0.566879, 134, 0.535053
v376: 148, 0.636328, 155, 0.771543, 168, 0.324371
v377: 11, 0.709720, 91, 0.267883, 263, 0.312063
v378: 2, 0.850430, 41, 0.176439, 228, 0.415570
v379: 252, 0.484002, 367, 0.628993
v380: 3, 0.491467, 140, 0.080848
v381: 1, 0.813511, 22, 0.675940
v382: 116, 0.523812
v383: 56, 0.708737
v384:
v385: 168, 0.744915
v386: 80, 0.786038, 298, 0.939054
v387:
v388: 138, 0.687124
v389: 237, 0.486083, 300, 0.601500
v390: 15, 0.411598
v391: 207, 0.732132
v392: 2, 0.943217
v393: 18, 0.649144
v394: 14, 0.157960
v395:
v396:
v397: 2, 0.834433, 372, 0.317747
v398: 3, 0.381746, 87, 0.009825, 138, 0.128487, 161, 0.476655, 281, 0.136940, 381, 0.546952
v399: 1, 0.614487, 363, 0.682745
v400: 1, 0.887063, 316, 0.872557
v401: 148, 0.073783
v402: 120, 0.064527
v403: 13, 0.497938, 125, 0.840098
v404: 4, 0.527971, 23, 0.614298, 50, 0.503188, 252, 0.082177
v405: 7, 0.143152, 403, 0.953887
v406: 4, 0.981121, 55, 0.700982, 120, 0.400226
v407: 0, 0.590367
v408:
v409: 1, 0.297870
v410: 0, 0.297897, 5, 0.761171, 73, 0.009003, 120, 0.310445
v411: 1, 0.646354, 14, 0.270205, 290, 0.340281, 321, 0.099293
v412:
v413: 91, 0.817343, 139, 0.088790
v414: 50, 0.300073
v415:
v416: 4, 0.322048, 138, 0.654776, 228, 0.817474, 314, 0.278984, 398, 0.887009
v417: 3, 0.960253
v418: 19, 0.976894, 35, 0.663329, 209, 0.569360
v419: 347, 0.228767
v420:
v421: 3, 0.893539, 33, 0.717475, 295, 0.600872, 369, 0.858741
v422: 3, 0.861658, 14, 0.883718, 24, 0.653462, 391, 0.732516
v423: 30, 0.398446, 315, 0.674493, 321, 0.205733
v424: 46, 0.756494, 109, 0.399001
v425: 154, 0.013426, 235, 0.644502, 363, 0.141283
v426: 258, 0.548671
v427: 7, 0.510976, 64, 0.977976, 75, 0.835250, 76, 0.055045, 97, 0.136687
v428: 12, 0.296450, 75, 0.441746
v429: 2, 0.432260, 7, 0.000416, 141, 0.985919, 223, 0.339688, 234, 0.133460
v430: 398, 0.070207
v431: 0, 0.962088, 54, 0.816186, 86, 0.636013, 333, 0.471518
v432: 3, 0.802703, 64, 0.029924
v433: 14, 0.939894, 45, 0.806121
v434: 427, 0.470489
v435: 109, 0.515294, 252, 0.550442, 263, 0.278673
v436: 7, 0.665169, 116, 0.501088, 183, 0.794267
v437: 8, 0.250158, 300, 0.408119
v438: 4, 0.251098, 5, 0.208110, 46, 0.710868, 79, 0.566638, 398, 0.476948, 427, 0.057034
v439:
v440: 45, 0.566694, 211, 0.433917
v441: 0, 0.840079, 14, 0.207466, 148, 0.878798
v442: 154, 0.954034
v443:
v444: 5, 0.441974
v445: 300, 0.259245
v446: 22, 0.137289, 98, 0.409998, 359, 0.833097
v447:
v448: 3, 0.853814, 148, 0.046892
v449: 181, 0.120792
v450:
v451: 0, 0.158628, 103, 0.068317
v452: 89, 0.211933
v453:
v454:
v455: 91, 0.949566, 291, 0.364036
v456: 1, 0.360629, 54, 0.084159, 380, 0.461563
v457: 68, 0.494032
v458: 0, 0.203164, 5, 0.583956, 56, 0.550569
v459: 1, 0.419444, 12, 0.590974, 40, 0.491684, 51, 0.740803, 55, 0.670909, 88, 0.971233, 121, 0.506105, 214, 0.110710
v460: 13, 0.694646, 252, 0.918543
v461: 116, 0.950710
v462: 149, 0.575535, 208, 0.010713
v463: 2, 0.047026, 31, 0.361498, 35, 0.690449, 116, 0.383273
v464: 5, 0.662002, 182, 0.275172, 334, 0.817001
v465: 2, 0.328340, 27, 0.410328, 80, 0.381147, 133, 0.939526, 262, 0.614954
v466:
v467: 120, 0.530112, 132, 0.591092, 213, 0.483832, 246, 0.764010, 369, 0.716437, 380, 0.151763
v468: 5, 0.677018, 27, 0.638875, 270, 0.572391, 441, 0.180169
v469: 51, 0.095740, 114, 0.109346, 148, 0.780023
v470: 108, 0.848621, 252, 0.773593
v471: 64, 0.779179, 218, 0.668242
v472:
v473: 26, 0.138315
v474: 26, 0.652843, 427, 0.336413
v475: 33, 0.098330, 138, 0.633993
v476: 24, 0.513544, 36, 0.126048, 41, 0.496557
v477: 19, 0.626789, 379, 0.449903
v478: 4, 0.515665, 42, 0.783198
v479: 433, 0.210857
v480: 329, 0.876054
v481: 7, 0.834500, 23, 0.434030
v482: 7, 0.748007, 164, 0.752535, 221, 0.855453
v483:
v484: 2, 0.600494, 99, 0.504645
v485: 11, 0.567607
v486: 75, 0.767919
v487: 138, 0.408405, 438, 0.069504
v488: 4, 0.157372, 54, 0.950347, 431, 0.482808
v489: 120, 0.552634, 465, 0.126566
v490: 3, 0.196247
v491: 42, 0.322098
v492: 24, 0.503186, 473, 0.039859
v493: 29, 0.918331, 61, 0.395910, 382, 0.059858
v494:
v495: 40, 0.028529
v496: 258, 0.487905
v497: 321, 0.220127
v498: 186, 0.676346
v499: 10, 0.342231, 392, 0.876683
v500: 2, 0.413270, 5, 0.826121, 22, 0.616727, 64, 0.338804
v501: 474, 0.273220
v502: 40, 0.010348
v503: 0, 0.912624, 166, 0.464698, 427, 0.171649
v504: 114, 0.906069, 393, 0.308112
v505: 58, 0.437418
v506: 27, 0.682276, 35, 0.016882, 92, 0.735876, 381, 0.872994
v507: 7, 0.409165
v508: 116, 0.829531, 146, 0.920245, 376, 0.555995
v509: 68, 0.612744
v510: 24, 0.396072
v511: 323, 0.775404, 500, 0.221032
v512: 3, 0.888968, 103, 0.891001
v513: 51, 0.055780, 429, 0.486948
v514: 5, 0.135350, 107, 0.819541, 207, 0.017240
v515: 5, 0.749604
v516: 363, 0.588639
v517: 300, 0.249502, 422, 0.380350, 438, 0.536102
v518: 321, 0.262055
v519: 287, 0.366531, 400, 0.292460
v520: 55, 0.378574
v521: 0, 0.699423
v522:
v523: 10, 0.200797, 45, 0.795384, 279, 0.010975
v524: 3, 0.454673, 14, 0.681486, 293, 0.740198, 302, 0.505919, 398, 0.982001
v525: 1, 0.490769, 141, 0.356916
v526: 26, 0.680721, 35, 0.880871, 375, 0.791590
v527: 422, 0.256025
v528: 173, 0.007959
v529: 109, 0.762770
v530: 183, 0.877727
v531:
v532: 97, 0.953995, 347, 0.789192
v533: 41, 0.955412, 73, 0.608575, 75, 0.319794
v534: 427, 0.783358
v535:
v536:
v537: 27, 0.906000, 519, 0.149543
v538:
v539: 189, 0.372488, 404, 0.404010, 514, 0.203253
v540: 419, 0.070653
v541: 218, 0.468805, 312, 0.206448, 333, 0.770034, 370, 0.956103
v542: 20, 0.227838, 41, 0.266205, 537, 0.112849
v543: 31, 0.651358
v544: 3, 0.373222, 98, 0.749286
v545: 14, 0.252581, 431, 0.127857
v546: 51, 0.893650, 398, 0.582906, 512, 0.895752
v547: 1, 0.898497, 4, 0.037902, 23, 0.020290, 60, 0.013441, 112, 0.910880, 140, 0.161441, 401, 0.331417, 406, 0.126866
v548: 61, 0.243668, 116, 0.330116, 139, 0.265602
v549: 337, 0.976190
v550: 16, 0.828919
v551: 0, 0.649153, 23, 0.308970, 152, 0.856055, 202, 0.722439
v552: 1, 0.036042, 3, 0.753671, 4, 0.945987, 300, 0.202525
v553: 14, 0.831652, 79, 0.571102, 146, 0.513914, 459, 0.355330, 461, 0.025962
v554: 2, 0.348911, 41, 0.142655, 148, 0.606775, 363, 0.063168
v555: 3, 0.667464, 51, 0.064474
v556: 306, 0.619279
v557: 2, 0.224161, 173, 0.474054, 252, 0.422637, 515, 0.258211
v558: 7, 0.753287
v559: 0, 0.491134, 27, 0.490989, 210, 0.052934
v560: 163, 0.664247
v561: 23, 0.005488, 277, 0.233691, 438, 0.649427
v562: 56, 0.921621, 121, 0.676867, 302, 0.097997
v563: 0, 0.040244, 3, 0.378686, 42, 0.578511, 307, 0.029117
v564: 136, 0.366427
v565: 10, 0.531699, 160, 0.270073, 187, 0.125246, 274, 0.011417, 444, 0.887845
v566: 161, 0.011153, 219, 0.451006
v567: 14, 0.055215, 35, 0.993406, 180, 0.167576, 356, 0.451611, 515, 0.234214
v568: 0, 0.435278, 5, 0.716439, 33, 0.189142, 50, 0.901494, 116, 0.409894, 554, 0.085421
v569: 464, 0.676495
v570: 223, 0.844814, 309, 0.794433, 418, 0.037911
v571:
v572: 3, 0.168255
v573: 26, 0.866864, 565, 0.385101
v574: 163, 0.400835, 178, 0.828808
v575: 53, 0.769243, 300, 0.669182, 516, 0.946453
v576: 1, 0.043451, 2, 0.280081, 76, 0.319196
v577: 1, 0.735083, 14, 0.539803, 50, 0.476377
v578: 240, 0.468111, 574, 0.547897
v579: 493, 0.503926
v580: 14, 0.487895
v581: 386, 0.058818
v582:
v583: 6, 0.550994, 456, 0.560935
v584: 30, 0.638814, 75, 0.547740, 295, 0.858332
v585: 5, 0.980143, 98, 0.258124, 252, 0.294999, 481, 0.055069
v586: 11, 0.551304, 105, 0.773853
v587: 2, 0.144900
v588: 135, 0.340299, 370, 0.410352
v589: 0, 0.786733, 5, 0.622321, 118, 0.349566, 383, 0.155899
v590: 11, 0.187636, 278, 0.605745
v591: 33, 0.757156, 429, 0.522659, 547, 0.329402
v592: 24, 0.266964, 108, 0.867037
v593: 146, 0.287041
v594: 188, 0.297300, 516, 0.726224
v595: 3, 0.651659, 308, 0.433142, 575, 0.823152
v596: 252, 0.716697
v597:
v598:
v599: 5, 0.528448, 14, 0.633517, 300, 0.513969
v600: 124, 0.275116
v601: 124, 0.872976, 517, 0.108796
v602: 18, 0.540759
v603: 181, 0.543584
v604: 47, 0.022582, 207, 0.538940, 219, 0.961460
v605: 195, 0.250079
v606:
v607: 2, 0.072064, 178, 0.172209
v608: 317, 0.312348
v609: 18, 0.629548, 331, 0.806004
v610: 1, 0.516331
v611: 27, 0.976511, 56, 0.213148, 75, 0.385884, 306, 0.546427
v612: 67, 0.800813, 467, 0.271089
v613: 23, 0.197868
v614: 7, 0.567842, 97, 0.716604, 610, 0.957884
v615: 5, 0.156343, 7, 0.660332, 58, 0.201242, 429, 0.274841
v616: 18, 0.255121, 29, 0.815356, 110, 0.687662, 163, 0.537045, 302, 0.107354
v617: 1, 0.298557, 29, 0.850198, 75, 0.270267, 110, 0.379357
v618: 14, 0.845274, 211, 0.513550, 373, 0.232205
v619:
v620: 544, 0.675115
v621: 2, 0.657380
v622: 50, 0.580292, 134, 0.970473, 145, 0.745601, 206, 0.324031, 218, 0.997073
v623: 0, 0.810948, 359, 0.608471
v624: 357, 0.570186, 431, 0.116206
v625:
v626: 2, 0.069408, 25, 0.536601, 579, 0.658263
v627: 370, 0.421029
v628: 34, 0.238164, 315, 0.826603
v629: 236, 0.719391, 311, 0.805482, 376, 0.730105
v630: 615, 0.867878
v631: 4, 0.431818, 64, 0.567181, 116, 0.603950
v632: 120, 0.584037, 275, 0.914964
v633:
v634: 52, 0.796664
v635: 476, 0.533608
v636: 36, 0.345133, 364, 0.651602, 477, 0.482739, 539, 0.400311, 563, 0.028791
v637: 183, 0.891028
v638:
v639: 15, 0.511274
v640: 32, 0.986218, 44, 0.365101, 60, 0.257218, 204, 0.070457, 594, 0.174248
v641: 99, 0.585302, 116, 0.176024, 133, 0.431169
v642:
v643: 195, 0.662646, 291, 0.082965
v644: 1, 0.399386, 41, 0.475604
v645: 4, 0.475407, 76, 0.166582, 445, 0.752049
v646: 50, 0.689537, 416, 0.045412
v647: 0, 0.245546, 2, 0.899710, 61, 0.423911, 526, 0.677778
v648: 5, 0.422615, 564, 0.894762
v649: 456, 0.269943
v650:
v651: 7, 0.935577, 634, 0.237513
v652: 300, 0.875196
v653: 30, 0.418593, 459, 0.300555
v654:
v655: 1, 0.435105
v656: 511, 0.803636
v657: 583, 0.718226
v658: 20, 0.223890, 99, 0.921095, 183, 0.840536
v659: 622, 0.884445
v660:
v661: 2, 0.873641, 245, 0.281839, 260, 0.860179, 283, 0.035630, 424, 0.830668, 463, 0.038578
v662: 2, 0.380249, 433, 0.849856
v663:
v664: 63, 0.524836, 484, 0.910627, 631, 0.910986
v665: 29, 0.947903, 329, 0.410014
v666: 44, 0.108921, 258, 0.640081, 411, 0.845263, 581, 0.327392
v667: 2, 0.474377, 11, 0.846921, 302, 0.205342
v668: 76, 0.178783, 80, 0.807267
v669: 135, 0.742360
v670: 120, 0.847876, 371, 0.252764
v671: 4, 0.205725, 27, 0.628056, 618, 0.732360
v672: 27, 0.774483, 240, 0.737187, 542, 0.898150
v673: 183, 0.209464
v674: 1, 0.461780, 19, 0.129107, 543, 0.901934
v675: 367, 0.809929
v676: 517, 0.484093, 601, 0.154368
v677: 14, 0.469451, 53, 0.069355, 653, 0.641523
v678: 140, 0.076046, 433, 0.107146
v679:
v680: 481, 0.798527
v681: 108, 0.835962
v682: 277, 0.014128
v683: 67, 0.453859
v684: 183, 0.009031
v685: 107, 0.775832, 134, 0.409388, 216, 0.585084
v686: 64, 0.511725, 70, 0.570298
v687: 3, 0.006399, 171, 0.549849, 223, 0.311597
v688: 1, 0.003524, 469, 0.233140
v689: 54, 0.385009, 315, 0.854133, 340, 0.410350, 515, 0.756234
v690: 247, 0.019561, 503, 0.755625, 643, 0.796334
v691: 427, 0.993712
v692: 29, 0.321796
v693: 4, 0.424287, 5, 0.986857, 88, 0.111309, 407, 0.768749, 659, 0.359441
v694: 163, 0.121439, 261, 0.025347
v695: 30, 0.998710, 45, 0.311667, 386, 0.191489, 508, 0.354002, 524, 0.716865, 526, 0.357657, 639, 0.149317
v696: 345, 0.571126, 695, 0.921856
v697:
v698: 70, 0.630999, 422, 0.197776
v699:
v700: 29, 0.028387
v701: 211, 0.102138
v702: 120, 0.635403
v703: 49, 0.216744, 60, 0.811966
v704: 41, 0.710332, 423, 0.551787
v705: 0, 0.886448, 214, 0.533031
v706:
v707:
v708: 6, 0.660338, 327, 0.294900, 565, 0.387552
v709: 116, 0.584012
v710: 61, 0.481485
v711: 2, 0.313192, 698, 0.821627
v712: 14, 0.090276, 50, 0.272624, 75, 0.990286
v713: 1, 0.740153
v714: 11, 0.748718
v715: 7, 0.700998, 12, 0.675847, 94, 0.956652, 422, 0.450502
v716: 0, 0.579593, 5, 0.224971, 201, 0.094668, 547, 0.080694
v717: 20, 0.225088, 36, 0.051730
v718:
v719:
v720: 96, 0.419997
v721:
v722:
v723: 0, 0.891956, 2, 0.103718, 289, 0.195384, 640, 0.826089
v724:
v725:
v726: 229, 0.080449
v727:
v728: 110, 0.106485, 278, 0.685333, 715, 0.386008
v729: 3, 0.635982, 278, 0.943332
v730: 9, 0.580457, 118, 0.737940, 390, 0.559791
v731: 21, 0.410802, 62, 0.352922, 367, 0.568235
v732:
v733: 29, 0.328430, 241, 0.922836, 470, 0.111008, 497, 0.712883
v734: 251, 0.422149
v735: 148, 0.060880
v736: 409, 0.205523
v737: 99, 0.232272
v738: 3, 0.801463, 11, 0.181236, 189, 0.031447, 283, 0.521509, 300, 0.008108
v739: 0, 0.273250, 695, 0.517105
v740: 549, 0.984406
v741: 22, 0.909310, 185, 0.767691
v742: 120, 0.584692, 189, 0.915427, 190, 0.576318, 695, 0.172693
v743: 62, 0.459160, 116, 0.100888
v744: 123, 0.632511, 317, 0.619256
v745: 109, 0.835691, 173, 0.464402
v746: 6, 0.196864, 54, 0.700263, 477, 0.318691
v747: 45, 0.232962, 567, 0.384419
v748: 229, 0.923848
v749: 14, 0.107847, 688, 0.588905
v750: 120, 0.724573, 300, 0.898383, 353, 0.125701
v751: 148, 0.655589
v752: 0, 0.476280
v753: 7, 0.841447, 55, 0.207858, 379, 0.471340, 552, 0.809876
v754:
v755: 1, 0.585125, 93, 0.197871, 256, 0.619723
v756: 300, 0.680601
v757: 5, 0.865565, 25, 0.548068
v758:
v759: 207, 0.374349, 218, 0.681688
v760: 106, 0.133602
v761: 484, 0.449329
v762: 128, 0.871230, 327, 0.766869
v763: 327, 0.772316
v764: 375, 0.318484
v765: 14, 0.767837, 546, 0.028718, 658, 0.667446
v766: 1, 0.761938, 219, 0.894541, 363, 0.544826, 616, 0.894554, 743, 0.772307
v767:
v768: 1, 0.171904, 24, 0.196602, 87, 0.296639, 427, 0.609125
v769: 7, 0.564349, 135, 0.007940, 456, 0.446209
v770: 381, 0.437272, 431, 0.229923
v771: 7, 0.308656
v772: 33, 0.586193, 203, 0.147406
v773: 44, 0.459158
v774: 47, 0.063291, 70, 0.724977, 252, 0.691288, 682, 0.480458
v775: 146, 0.050593
v776: 64, 0.316933
v777: 427, 0.697927
v778:
v779: 75, 0.052591, 164, 0.893028, 291, 0.119747, 685, 0.579867
v780: 4, 0.831596, 223, 0.631382, 497, 0.640154, 617, 0.068688
v781: 32, 0.445972
v782: 12, 0.453947, 109, 0.494194
v783: 133, 0.912661, 259, 0.097749, 316, 0.868719, 410, 0.553766, 427, 0.141333, 676, 0.380950
v784:
v785: 148, 0.633981
v786:
v787: 146, 0.314754, 762, 0.066230
v788: 0, 0.121373, 58, 0.913439, 173, 0.162072, 354, 0.952332
v789:
v790: 228, 0.849946, 270, 0.047049
v791: 4, 0.747345, 237, 0.634943, 632, 0.481262
v792: 22, 0.572156, 203, 0.232744
v793: 559, 0.723846
v794: 293, 0.674964, 464, 0.119734
v795: 99, 0.373251
v796: 75, 0.233989, 388, 0.650876, 681, 0.276671
v797: 27, 0.013621
v798: 0, 0.923453, 622, 0.476079
v799: 328, 0.465668
v800: 734, 0.487547
v801: 86, 0.205296, 109, 0.413873
v802: 55, 0.961543
v803: 221, 0.656195
v804:
v805:
v806: 30, 0.677233
v807: 544, 0.246816, 594, 0.229650
v808: 18, 0.722490, 553, 0.889257
v809: 212, 0.740259, 429, 0.527002, 465, 0.322607
v810:
v811: 54, 0.050340, 56, 0.063677
v812: 3, 0.223885, 15, 0.829033, 738, 0.561534
v813: 3, 0.699040, 202, 0.772139, 223, 0.340825, 410, 0.243271
v814: 249, 0.649809, 690, 0.345004
v815: 427, 0.474956, 615, 0.587714
v816: 148, 0.714918, 263, 0.630051, 459, 0.265261
v817:
v818:
v819: 541, 0.239250
v820: 0, 0.078690, 235, 0.546640, 446, 0.378716
v821: 376, 0.086317
v822: 132, 0.726963, 376, 0.062152, 533, 0.586859, 717, 0.339506
v823: 22, 0.073092, 31, 0.454296, 48, 0.346134, 559, 0.479149, 614, 0.064866, 769, 0.204011
v824: 139, 0.805291, 588, 0.523093
v825: 50, 0.628431, 118, 0.038942
v826: 226, 0.502622
v827:
v828: 116, 0.573075, 348, 0.678256, 632, 0.442578
v829: 2, 0.401633, 23, 0.245388, 416, 0.237163, 792, 0.005309
v830: 263, 0.235957
v831: 0, 0.730435, 204, 0.415060, 792, 0.916836
v832: 20, 0.263051, 448, 0.103105
v833: 10, 0.879338, 144, 0.026009
v834: 2, 0.126789, 3, 0.946494, 25, 0.730958, 463, 0.217080
v835: 8, 0.468725, 320, 0.855922
v836: 120, 0.477774
v837: 463, 0.946100
v838: 228, 0.102423
v839: 171, 0.418950, 285, 0.296697, 417, 0.585339, 565, 0.798815
v840: 34, 0.682199, 76, 0.711764, 256, 0.625863, 822, 0.885070
v841: 2, 0.371815, 503, 0.097787, 738, 0.505292
v842:
v843:
v844: 429, 0.442840
v845: 406, 0.811424, 743, 0.606731
v846: 7, 0.322770
v847: 12, 0.798092, 23, 0.534179
v848: 2, 0.940849, 7, 0.845200, 55, 0.278150, 154, 0.860809
v849: 4, 0.619401, 7, 0.275405, 135, 0.739099, 438, 0.043952
v850: 50, 0.705887, 183, 0.849609
v851: 3, 0.380116
v852:
v853:
v854: 148, 0.602631, 160, 0.422037, 278, 0.176439, 300, 0.405357, 311, 0.827189, 500, 0.564048
v855: 5, 0.953045, 48, 0.819603
v856: 96, 0.071773
v857: 26, 0.282716, 567, 0.605357
v858: 1, 0.226928
v859: 0, 0.970686, 235, 0.315827
v860: 468, 0.100689
v861: 5, 0.277347, 26, 0.369479, 27, 0.834066, 123, 0.152846
v862: 49, 0.882186, 218, 0.897084, 329, 0.291719
v863: 6, 0.928840, 60, 0.015236, 298, 0.079358, 501, 0.767227
v864: 753, 0.790199, 765, 0.880695
v865: 575, 0.834600, 772, 0.122757
v866: 3, 0.182706, 41, 0.735326, 739, 0.629019
v867:
v868:
v869: 58, 0.918379, 320, 0.204116
v870: 7, 0.572626
v871: 155, 0.123336, 258, 0.911078
v872: 40, 0.494433, 116, 0.934640, 461, 0.498614
v873: 88, 0.199400, 372, 0.315211, 394, 0.757406, 672, 0.725764
v874: 116, 0.909298, 333, 0.571617, 703, 0.168485, 865, 0.735290
v875: 56, 0.014563
v876: 160, 0.755095, 247, 0.874665
v877:
v878:
v879:
v880:
v881: 0, 0.492118, 54, 0.034760
v882: 5, 0.206401
v883:
v884: 8, 0.974569, 92, 0.586854, 98, 0.258495
v885: 22, 0.525447, 96, 0.183606, 120, 0.858619
v886: 29, 0.805475
v887: 36, 0.618328, 421, 0.245188, 636, 0.876607
v888: 104, 0.125996, 279, 0.622265, 315, 0.408938, 711, 0.023755, 771, 0.250778
v889: 3, 0.822340
v890: 109, 0.061193
v891: 2, 0.474932, 96, 0.178113
v892: 54, 0.553238, 237, 0.269908, 513, 0.351957
v893: 3, 0.333113, 262, 0.630715
v894: 751, 0.419606
v895: 146, 0.314894, 307, 0.429621
v896: 36, 0.639561, 543, 0.097424, 566, 0.411610, 773, 0.937152
v897: 148, 0.707115, 632, 0.486164, 685, 0.956816
v898:
v899:
v900: 40, 0.204984, 503, 0.172593
v901: 3, 0.762513, 73, 0.549948
v902: 465, 0.977134
v903: 0, 0.691757, 46, 0.357362, 461, 0.178234
v904: 0, 0.582694
v905: 2, 0.333752, 25, 0.368055, 840, 0.898822
v906: 406, 0.503048, 840, 0.726213
v907: 269, 0.454325
v908: 515, 0.839352
v909: 4, 0.990558
v910: 11, 0.312271, 139, 0.335324, 321, 0.796593, 489, 0.331016, 594, 0.380145
v911: 128, 0.093399
v912: 8, 0.762118, 83, 0.919378, 120, 0.979179, 259, 0.062345
v913: 6, 0.837745, 293, 0.979794, 467, 0.389404
v914: 873, 0.711493
v915: 6, 0.070142, 544, 0.870130
v916: 290, 0.269371
v917: 1, 0.314644, 122, 0.229162
v918: 787, 0.519438
v919: 207, 0.187370
v920: 403, 0.133906
v921: 0, 0.564229, 11, 0.998058, 212, 0.358374, 417, 0.190084
v922: 50, 0.748193
v923: 107, 0.887184, 267, 0.896511, 770, 0.666561
v924: 14, 0.890083, 124, 0.632604, 307, 0.177064
v925: 433, 0.906270, 745, 0.681363
v926:
v927: 96, 0.671023
v928: 831, 0.887801
v929: 154, 0.268892
v930: 506, 0.275641
v931:
v932: 555, 0.690852, 632, 0.156244
v933: 0, 0.990013, 55, 0.143421, 661, 0.475768
v934: 5, 0.226665
v935: 377, 0.566013, 562, 0.980198, 755, 0.180963
v936: 628, 0.441751
v937: 198, 0.501031, 459, 0.822960
v938: 2, 0.489885, 3, 0.498397, 54, 0.559176
v939: 320, 0.064577
v940: 61, 0.343131, 539, 0.000453
v941: 363, 0.613531, 713, 0.617995, 832, 0.635458
v942: 1, 0.141586, 736, 0.632391
v943: 45, 0.591256, 135, 0.237877
v944: 34, 0.990893, 143, 0.940080, 552, 0.922636
v945: 252, 0.738493
v946: 2, 0.843830, 4, 0.243525, 103, 0.921982, 124, 0.745879, 913, 0.996577
v947: 5, 0.476577, 88, 0.834037
v948: 546, 0.662133
v949: 4, 0.462869
v950:
v951: 51, 0.443382, 829, 0.928448
v952:
v953: 33, 0.423054, 216, 0.274254, 379, 0.381921
v954:
v955: 76, 0.949480, 139, 0.905553, 302, 0.636119
v956: 5, 0.254341, 30, 0.716229, 99, 0.655504, 252, 0.063996, 375, 0.584501, 406, 0.716257, 670, 0.137734
v957: 300, 0.896350
v958:
v959:
v960: 2, 0.962034
v961: 54, 0.902786, 429, 0.123834
v962: 67, 0.285575, 252, 0.663107
v963: 14, 0.831181, 18, 0.651176, 782, 0.323052, 861, 0.527113
v964: 3, 0.190362
v965: 56, 0.411943
v966: 196, 0.518214
v967: 35, 0.619218, 459, 0.197474
v968: 671, 0.952392, 841, 0.849655, 861, 0.157955
v969: 29, 0.748781, 218, 0.768194, 511, 0.037100, 704, 0.542781
v970: 4, 0.523841, 5, 0.187320
v971: 7, 0.280660, 157, 0.051490, 321, 0.394622
v972: 4, 0.403691
v973: 15, 0.840327
v974: 240, 0.379782, 405, 0.989035
v975: 54, 0.707349, 243, 0.413804
v976: 278, 0.801182
v977: 14, 0.469112, 109, 0.365348, 421, 0.402306
v978: 7, 0.560729, 53, 0.176647
v979: 22, 0.913323, 102, 0.220742, 278, 0.003983
v980: 7, 0.949776, 54, 0.881825
v981: 5, 0.834105, 173, 0.808774
v982: 0, 0.064210, 5, 0.179137, 88, 0.759276, 99, 0.151008, 101, 0.984643
v983: 50, 0.888643, 123, 0.419148, 134, 0.621973
v984: 0, 0.492303, 1, 0.143714
v985: 68, 0.408900, 103, 0.388363
v986: 4, 0.223910
v987: 263, 0.248652, 585, 0.091583
v988: 7, 0.233995, 768, 0.757612
v989:
v990: 44, 0.189026, 766, 0.959005, 831, 0.993952
v991: 63, 0.355663, 316, 0.631051
v992: 32, 0.082023
v993: 4, 0.562305
v994: 7, 0.658256, 27, 0.303258, 33, 0.857528, 471, 0.477715, 636, 0.952206, 768, 0.724093
v995: 155, 0.832269
v996: 1, 0.940494, 53, 0.875559, 508, 0.514866
v997: 419, 0.345252, 968, 0.644775
v998: 244, 0.737397
v999: 4, 0.430136, 145, 0.292489, 164, 0.854449, 921, 0.723093
