Number of vertices:5000
Number of edges:12497
v0:1565 2843 4835 
v1:503 702 3407 
v2:126 169 537 2232 2284 3770 4292 4810 
v3:502 844 1326 2679 2853 2880 3094 4110 
v4:88 507 752 1209 2152 2464 2999 
v5:101 211 897 2641 3077 3593 3659 
v6:327 1881 3183 3997 4397 
v7:2089 2374 3625 3699 3929 
v8:3939 
v9:932 1478 1843 2025 2503 3111 
v10:364 492 677 1062 1524 
v11:749 2514 2980 3247 3991 4474 
v12:849 994 1184 3171 3926 4590 
v13:1416 1775 3011 3347 
v14:302 769 1053 2204 2275 4726 
v15:643 693 1602 2289 3200 3363 
v16:204 1109 2688 3053 3082 3733 4482 4885 
v17:
v18:24 26 2595 3166 3207 4676 4922 
v19:3394 3474 3515 3859 
v20:1542 2004 4057 4095 
v21:1245 3223 4214 
v22:1077 4378 4527 4807 
v23:2254 3567 3775 
v24:332 421 905 3800 
v25:3222 3382 3831 4378 4499 
v26:335 3598 4333 
v27:1916 2655 3861 3995 4191 
v28:1242 2009 2017 2050 2192 3787 
v29:177 1126 4994 
v30:809 3164 4377 4864 
v31:182 624 784 1933 2636 3177 4423 
v32:2291 2624 4028 
v33:156 588 1395 2016 3236 3467 4224 
v34:318 1353 1787 1844 2110 4393 
v35:3060 3347 3824 3916 
v36:1876 3782 
v37:495 1381 2038 2188 4395 4539 
v38:64 2443 3397 3623 3660 
v39:582 659 1165 
v40:269 933 1177 2225 4548 
v41:211 1894 4245 
v42:304 436 621 
v43:1000 2177 
v44:1705 2566 2617 2868 3088 3318 
v45:277 1405 1840 2024 2349 
v46:218 2338 3409 4115 4966 
v47:1549 3195 3327 3842 3892 4611 4656 
v48:227 476 2224 2941 3800 4326 
v49:1794 2456 3494 
v50:1641 1823 2827 
v51:1198 1599 2997 3286 3807 4040 4896 
v52:205 497 1042 1264 1500 1705 2431 2667 3521 
v53:162 783 1333 2389 3862 4333 4990 
v54:129 459 1457 1523 2074 2451 3284 4952 
v55:3638 4106 4198 
v56:475 1117 1185 1326 3140 
v57:608 1702 2997 
v58:532 676 1710 3439 3948 
v59:1647 1756 1966 2263 2723 3081 3531 
v60:370 3396 
v61:803 1466 1822 2048 2455 3916 4215 
v62:1895 2454 3564 3733 
v63:895 1560 2932 3251 3604 4166 4277 4698 4890 
v64:673 1305 1883 2841 3341 4353 
v65:460 2214 2238 3923 4593 
v66:1479 1985 2135 3168 
v67:696 1796 2689 3396 
v68:1060 1641 3053 3504 4387 
v69:343 412 1638 3554 4734 4972 
v70:1570 2417 3594 4383 
v71:955 1102 1539 1650 1865 3030 3475 
v72:3010 4158 4903 
v73:796 2690 3095 3293 4851 
v74:833 1661 4793 4987 
v75:87 1486 2400 2928 3037 3776 
v76:1204 1502 2222 3531 4310 4324 4514 
v77:383 997 2477 4146 4763 
v78:100 1762 3674 
v79:825 1408 1944 2237 
v80:2371 2527 4146 4205 
v81:368 1389 2477 2800 3230 4067 
v82:902 979 1150 1407 1968 2055 4148 4169 
v83:2825 4171 
v84:634 1307 
v85:510 1145 1248 1909 1939 2574 2803 3268 3821 4592 
v86:2109 2446 3932 4791 
v87:114 778 3014 3827 4847 
v88:1183 1721 1788 2224 3397 4462 
v89:1015 1163 2451 2891 3955 4789 
v90:1993 2548 4744 
v91:210 958 3625 3733 4653 
v92:872 916 1941 2229 2315 3923 4521 
v93:221 
v94:403 902 2892 3978 
v95:380 1020 1513 1674 1792 2040 2870 3324 4651 4888 
v96:4995 
v97:360 4008 4649 
v98:1417 3127 3864 4200 4757 
v99:2634 3626 4085 4836 
v100:173 2785 2913 
v101:123 1312 1555 1838 2929 3270 4351 
v102:2661 3048 3233 3598 3874 3939 
v103:232 705 872 1061 1926 2227 2933 4718 
v104:279 626 1982 4871 
v105:2668 4635 4946 
v106:398 2220 3930 4129 
v107:358 3350 4162 4651 
v108:1049 3099 4196 
v109:786 990 1385 1523 1912 3554 4038 4482 4956 
v110:647 1105 1393 1660 1831 2936 4009 4292 
v111:630 789 1327 1908 2431 4350 
v112:1216 2510 3782 
v113:1025 1145 1421 1880 2179 2751 3542 
v114:1504 2788 4709 4966 
v115:326 1469 1590 4085 
v116:1572 1669 3258 3824 3946 4688 
v117:685 837 3050 
v118:1060 1755 2207 2487 3194 3932 4248 
v119:230 1900 2548 2886 
v120:267 381 1069 4188 
v121:1392 4028 4498 
v122:385 824 1655 1924 2680 3193 3747 4501 
v123:344 944 1031 1222 2039 3851 
v124:626 2205 2213 2571 2728 
v125:1192 3010 3146 3517 3635 4251 4970 
v126:444 1600 2567 3595 3775 3829 
v127:1951 2642 
v128:355 1560 3529 4631 4708 
v129:181 2782 3377 4356 
v130:326 2102 3151 4218 4235 4330 
v131:813 1452 
v132:478 2233 2898 4262 
v133:3431 4013 4734 
v134:697 859 4324 4345 4829 
v135:468 1356 1441 
v136:774 1403 1868 2474 2824 3114 4797 
v137:1615 2226 2965 4483 
v138:3171 3828 4030 
v139:222 2460 2526 2587 3005 
v140:474 2753 3355 
v141:4904 
v142:226 473 1127 2038 2560 2849 
v143:380 523 2738 3137 4109 
v144:601 1061 1867 2273 2565 3046 4074 4882 
v145:2850 4164 4548 4998 
v146:709 1687 3428 3936 
v147:2875 3791 3970 
v148:1512 2472 2648 4441 
v149:470 802 1206 3237 3843 4429 4485 
v150:859 3348 4676 4990 
v151:555 939 1826 2824 3361 3478 3989 
v152:1334 2107 2265 2511 
v153:815 2661 2927 
v154:1342 3053 3814 3928 4357 
v155:3369 4182 
v156:413 701 2259 2265 2658 3036 4959 
v157:459 521 845 1585 1658 4210 4638 
v158:813 2410 2720 2968 3501 
v159:747 3256 3279 3418 3804 4171 4507 4511 4620 
v160:3868 
v161:622 1063 2296 2581 3152 3394 
v162:208 1262 4944 
v163:695 2797 4392 
v164:305 1610 1867 2286 2533 2896 3502 
v165:956 2755 3387 3533 
v166:1817 2978 4035 4043 4153 4473 
v167:3827 
v168:940 1197 2307 2321 2907 3772 4004 4224 4407 
v169:503 1313 1617 2587 3479 
v170:595 2921 4182 4847 
v171:607 1185 1528 3275 3602 3638 3694 3854 3874 4008 
v172:755 1386 1728 2087 2932 3725 4545 
v173:937 2912 3290 4342 4990 
v174:592 2250 4573 
v175:
v176:2885 3381 4479 
v177:384 757 1132 1159 1213 3562 4616 4696 
v178:382 1061 4266 4663 
v179:188 849 2188 2448 3398 3575 3602 
v180:593 1356 1620 1740 2162 2703 2739 4529 
v181:183 3484 3803 4266 
v182:1262 1502 2233 3135 3515 3673 4066 4495 4545 4873 
v183:2433 3195 
v184:2078 2409 2762 3150 4304 
v185:299 2094 3135 4385 
v186:1466 2257 3141 4024 4822 
v187:364 869 2440 2856 3417 4102 
v188:2623 3201 3448 3540 4257 4441 
v189:236 873 3187 
v190:1854 2138 3411 
v191:1203 1353 1430 2251 2772 4760 
v192:2241 4944 
v193:574 1614 1917 2308 4556 
v194:920 2917 3202 3631 3897 4845 
v195:361 611 2437 2527 3473 3494 3993 4323 
v196:2564 
v197:1337 2061 3033 3843 
v198:484 1965 2003 2966 3739 
v199:1759 2258 3000 3484 
v200:1452 3808 4095 4269 4750 
v201:1222 2769 3235 3749 
v202:1271 2488 
v203:2538 4598 4697 4821 
v204:1274 2186 2410 3862 4901 
v205:1937 2794 3105 3756 4421 4933 
v206:265 308 1212 2431 3844 
v207:3200 3864 
v208:377 767 1864 3065 3499 3809 4538 
v209:1685 4411 
v210:3547 4922 
v211:1034 2604 2805 3492 4619 
v212:980 1636 3625 4830 
v213:214 760 2919 3750 4041 4077 4621 
v214:672 1130 1183 2019 2190 3621 4269 
v215:610 801 1556 1803 4116 4458 
v216:1613 2050 2061 4230 
v217:3855 4826 4934 
v218:1699 2156 2881 3475 4230 
v219:735 769 2024 2471 3327 3628 
v220:1291 2140 4271 
v221:1201 1524 2074 3818 
v222:2842 2959 
v223:2360 4265 
v224:675 711 1504 1887 2221 3085 3726 4357 4420 
v225:1093 1222 1374 1859 2630 4185 4311 
v226:389 773 2455 3034 3919 
v227:1354 3244 4392 
v228:463 956 1806 2333 3547 
v229:1447 3764 4210 
v230:2710 2889 3641 4820 
v231:347 2214 2351 2417 4628 
v232:1471 2169 2263 4015 4018 4888 
v233:2046 2079 2273 3502 3609 
v234:574 3139 3841 
v235:366 697 783 2262 2374 3466 4999 
v236:3614 4039 4059 4341 
v237:1102 2849 2861 
v238:622 1593 1945 3861 4289 4724 
v239:1079 1196 2052 3036 4068 4963 
v240:4468 
v241:347 451 2086 3490 3547 3816 
v242:421 541 2549 2750 
v243:2008 2115 2585 2735 
v244:1662 2515 3355 4324 
v245:1041 1464 1640 2162 2561 3679 
v246:2389 2411 2956 4000 4735 
v247:294 706 3279 3559 3881 
v248:824 1962 3129 
v249:306 634 827 1141 3556 4321 
v250:1792 
v251:1050 1191 3364 
v252:
v253:296 437 866 2158 4871 
v254:1021 
v255:2839 3435 3510 4546 
v256:559 831 
v257:1174 1204 1611 3492 
v258:552 1135 1268 1357 4638 
v259:305 993 1605 2845 3041 3090 4116 4735 
v260:596 1085 2581 3945 4908 
v261:398 1816 4041 
v262:958 1004 1036 1213 2248 
v263:914 3512 3804 4699 
v264:2900 2967 3147 3403 4790 
v265:764 814 1166 2469 4161 4230 4838 
v266:3030 3070 3646 4618 4753 
v267:2268 4511 4749 
v268:650 1107 1826 2209 
v269:1654 3126 3542 4099 4576 4750 
v270:1074 1300 1433 1446 4996 
v271:975 1724 2270 3288 4540 4776 4979 
v272:837 1471 1791 
v273:2797 4924 
v274:2249 2471 3838 3851 4703 
v275:358 1132 1719 3989 4897 
v276:354 1664 
v277:326 470 1148 2333 
v278:1684 2249 2924 3244 4068 4491 
v279:826 879 1954 1960 2884 3914 3930 4207 
v280:1973 2096 4418 4944 
v281:1917 2240 3078 
v282:1564 2235 4207 
v283:325 1367 4157 4186 
v284:2380 4171 4616 4778 
v285:2721 3374 3684 4876 
v286:1285 1831 2212 
v287:877 1181 1520 1676 3738 4304 
v288:1726 2619 4926 
v289:520 3453 4445 
v290:447 995 1491 3829 4960 
v291:2233 
v292:535 804 1962 3198 
v293:1601 1812 2888 3375 3391 4088 
v294:423 438 766 3264 3699 4437 
v295:366 765 2191 2709 3696 
v296:543 2225 4407 
v297:1615 3694 4220 
v298:1391 2390 3998 4484 
v299:1112 3739 4449 
v300:743 852 2217 2478 4941 
v301:357 1829 4593 
v302:2153 4421 
v303:1687 3068 3576 4155 4908 
v304:2388 3110 3785 4899 
v305:413 1670 
v306:794 1708 1727 4148 
v307:427 633 1414 1904 2827 3655 4677 
v308:849 1617 1700 2619 3466 
v309:766 1293 3639 3657 3676 4138 4186 
v310:3042 3061 3158 3235 3932 4235 4775 
v311:1154 1401 3196 3339 3365 
v312:4887 
v313:831 2974 4599 4766 4839 
v314:317 620 
v315:1711 2203 2983 3005 3729 4024 
v316:2560 2851 3546 
v317:2278 2956 4899 
v318:1727 3365 
v319:806 829 4923 4983 
v320:3237 3331 4920 
v321:1460 1974 2335 2420 3211 4625 
v322:706 1159 3235 3247 3520 
v323:679 736 1433 1525 2748 4427 4533 
v324:1840 2040 4914 4950 
v325:2854 4359 
v326:3405 4896 
v327:1237 2025 2222 2754 3447 4972 
v328:1079 1315 2006 3096 3167 4537 
v329:510 3837 
v330:1547 1901 2670 3116 3415 3611 3986 4121 4309 4989 
v331:366 719 1199 4234 
v332:2069 2409 4335 
v333:892 1393 1736 
v334:938 1214 1356 1776 1787 1983 3852 4300 
v335:642 1465 3863 
v336:857 3353 3804 
v337:2321 2930 3438 4276 4437 4535 
v338:1423 1664 3163 
v339:421 3134 4580 4855 
v340:769 890 3349 4991 
v341:403 1390 3003 4593 4833 
v342:1098 3320 4617 
v343:588 1207 1362 1761 2663 2746 3363 3869 
v344:992 1494 4557 
v345:704 3290 3719 
v346:1623 1964 2305 4190 4458 4639 
v347:659 1337 1634 2574 2579 3697 
v348:643 994 
v349:1455 2640 2714 4810 
v350:669 853 1317 1716 3670 3731 4789 
v351:855 998 4148 4938 
v352:494 732 3226 4294 
v353:779 1612 3119 
v354:415 547 619 1860 3954 4751 4752 
v355:764 1400 1996 3089 3893 4720 
v356:424 510 597 903 1329 1387 1756 1924 2025 3383 4324 4456 4693 
v357:2515 3106 3559 3652 3733 
v358:1945 4156 4443 
v359:672 773 1711 1809 2273 4479 
v360:3151 3546 4225 
v361:2097 2538 3212 4160 
v362:3071 3756 4288 4320 4358 4830 
v363:901 1050 1948 2215 3785 4556 4872 
v364:470 1285 3203 4604 
v365:4609 4741 4988 
v366:631 634 1156 4714 
v367:1246 3189 3740 3810 
v368:550 810 933 1465 1467 3589 4534 
v369:1294 3238 
v370:3507 4643 
v371:1996 2751 
v372:
v373:511 1137 1441 1942 2533 3682 3754 3815 
v374:1854 1951 2275 2367 3900 
v375:666 2448 3130 4233 
v376:1309 2475 3660 4474 
v377:392 1713 1972 2521 2699 2745 
v378:610 4461 
v379:1786 1869 3802 
v380:646 1352 1878 2640 
v381:3361 4784 4976 
v382:818 1069 1173 2720 3269 
v383:1404 1602 3231 4779 
v384:2559 4336 4919 
v385:1119 1427 2883 3881 4858 
v386:788 1000 2914 3504 3958 4364 
v387:416 2437 2737 4320 4495 
v388:2189 2573 3388 
v389:513 2557 3002 3886 4656 
v390:824 2737 2888 3047 3831 
v391:821 1106 1431 2161 2503 3982 4014 4424 
v392:481 506 
v393:401 1131 2393 4642 
v394:1877 1912 2650 3766 4081 4608 
v395:2668 4583 
v396:664 832 1019 2107 2785 3188 4820 
v397:773 2627 2962 3360 4358 4488 
v398:2250 2435 3663 4282 
v399:2714 
v400:2224 2568 3911 4268 
v401:1814 3134 3725 
v402:917 1547 3000 3863 4077 
v403:427 634 1672 4923 
v404:2567 3532 4845 
v405:1076 1182 2244 2496 2765 3766 
v406:638 2097 2319 3735 3762 4562 4763 4972 
v407:3622 
v408:1526 2119 2333 3277 
v409:1064 4906 
v410:1980 2066 2413 3272 3444 4355 
v411:1736 2854 2995 
v412:3504 3515 4740 
v413:3761 3962 4771 
v414:4226 4959 
v415:973 1507 1643 2450 2903 3867 4291 
v416:933 1619 1869 2002 2144 2455 3575 3691 3795 4222 
v417:2003 3194 4947 
v418:2529 3337 
v419:1167 2576 4080 4641 4962 
v420:1188 2645 2870 2949 2987 3854 4510 4577 
v421:1340 2354 3373 3564 3672 
v422:773 1043 1767 2428 4051 
v423:800 1357 1928 2296 3927 
v424:522 759 1601 1748 
v425:1366 1471 2251 3917 
v426:1117 2339 2815 
v427:814 896 1949 2593 3639 3682 4606 
v428:2603 2941 4963 
v429:505 2820 3226 
v430:1210 1255 2235 2358 2613 2640 2680 3279 
v431:1104 2936 3215 3563 
v432:867 941 1092 2741 
v433:614 647 1981 2595 3303 3480 3771 4808 
v434:988 1373 3073 4206 4429 
v435:2281 2443 4274 
v436:884 2063 2439 2617 3364 3781 
v437:1219 1807 1912 2714 3540 4144 4619 
v438:3879 4999 
v439:3114 3651 
v440:721 
v441:2259 4079 4141 4238 4345 4346 4829 
v442:2650 2694 3260 
v443:1169 1279 1566 2182 2503 
v444:502 1838 4394 4806 
v445:2687 4916 
v446:728 1622 2683 2688 4066 
v447:938 1964 4945 
v448:1196 
v449:472 2230 2231 2431 4130 
v450:1650 2548 3063 3360 3872 
v451:776 791 1758 3163 3976 
v452:737 1178 1250 2240 4901 
v453:1252 2249 2411 3433 3963 4344 4493 4970 
v454:753 765 1330 2871 3304 4261 
v455:
v456:463 477 515 1023 1487 2559 3824 4540 
v457:798 841 899 1727 2348 2899 3398 3693 
v458:658 1514 2680 2952 3353 4243 4932 
v459:1019 1261 2186 2678 3685 
v460:1832 2582 3455 3494 3495 
v461:2305 2445 3474 3583 
v462:1205 4268 
v463:724 1731 1915 2229 3143 
v464:506 2663 3126 3813 
v465:1520 2350 2370 2869 3574 4448 4565 
v466:938 4319 
v467:1177 2900 2985 4583 
v468:1165 2363 2647 3199 3203 3437 4115 4761 
v469:619 3232 4132 4862 4956 
v470:851 1419 1540 1726 2175 2690 2731 3714 3982 4233 4637 
v471:3247 3736 3998 
v472:1396 2175 2706 3986 
v473:1847 3648 4751 
v474:706 914 1647 4088 
v475:4465 
v476:1302 3462 3545 4616 
v477:485 578 4103 4932 
v478:1094 3259 3308 3744 4723 4920 4999 
v479:1101 4100 4413 4576 4697 4953 
v480:1098 1940 2351 4059 
v481:1859 3760 4762 4938 
v482:1935 1989 3885 4255 
v483:4763 
v484:2080 3151 3310 3839 4970 
v485:1234 1283 3335 3521 4117 4353 4612 
v486:1485 2251 4036 4351 4981 
v487:540 1313 3776 4641 
v488:1316 1471 4661 
v489:1199 1204 2923 4114 4990 
v490:1431 2618 4190 
v491:771 861 2523 2588 2602 4477 4827 
v492:1857 2330 3218 3220 3793 4342 
v493:595 2197 2629 3052 3655 3704 
v494:686 2848 2978 3402 
v495:969 1260 2249 3066 3335 
v496:593 2295 3544 3587 
v497:1860 3010 3125 4430 4681 4930 
v498:724 833 1220 2521 2555 4515 
v499:1124 3384 3883 4553 
v500:549 1812 2495 4257 
v501:625 770 1857 2365 2432 4971 
v502:1030 1052 1275 4319 4485 
v503:3969 4616 
v504:2472 3582 4266 4573 
v505:2727 4019 
v506:3994 
v507:1360 1604 1681 3613 
v508:558 1048 1265 1352 2704 3228 3992 4280 
v509:1448 2966 3194 4272 4567 
v510:854 1952 3050 3905 
v511:1603 1641 1920 1944 2966 4450 
v512:964 2351 2367 2842 3074 3111 4573 
v513:1039 3277 4446 4557 
v514:524 638 667 1065 2432 4034 4398 4456 4755 
v515:2170 2665 3328 3932 4400 4628 
v516:2577 4313 4818 
v517:710 913 1396 1425 2237 3682 3795 3951 
v518:2125 4801 
v519:741 961 1072 1378 3203 3415 4284 4423 4645 
v520:789 798 1281 1488 2019 2024 3136 4908 
v521:1962 2648 2649 2897 3215 
v522:1723 3331 3335 4888 
v523:2866 3732 4576 
v524:722 1627 3551 
v525:1359 1471 2601 2658 3499 4989 
v526:867 1144 3930 
v527:963 2872 4224 4492 
v528:3946 3958 
v529:566 711 789 822 1478 1502 1586 3376 4206 
v530:2009 2509 3403 4480 
v531:891 2276 
v532:848 3330 
v533:952 1206 3838 3935 
v534:1469 3647 3919 4991 
v535:592 685 1433 4682 4723 
v536:914 2748 3435 3687 
v537:1004 1017 1035 1324 2607 2650 4892 4991 
v538:756 1151 3974 4199 
v539:859 928 1243 1714 1909 
v540:714 865 4350 4592 
v541:1437 1721 1872 2823 2996 4085 4590 
v542:3221 4171 4176 
v543:1910 
v544:1515 1733 3005 
v545:729 3258 3415 3540 
v546:990 1406 1734 1741 1873 2827 4145 4264 
v547:2344 2980 3074 3638 4071 
v548:1492 1789 1994 2601 2847 3018 3263 
v549:1465 1756 3820 
v550:745 1144 1530 2087 2217 3170 4815 
v551:597 1024 1133 2338 3680 
v552:770 814 1204 1264 1960 2877 3056 3180 3566 3769 4062 
v553:1094 2486 2870 4668 
v554:1353 1696 1986 3924 4240 4304 4375 4953 
v555:2469 2573 2902 3108 
v556:2072 2348 2461 3268 4257 
v557:697 1584 1602 1821 2417 3279 3669 3686 3954 
v558:1083 1444 3013 3633 
v559:2398 2963 4400 4500 
v560:601 1950 3525 
v561:1410 3696 4060 
v562:607 932 1607 1946 4374 
v563:836 1428 
v564:813 905 1054 1885 1927 2642 3057 4039 
v565:1369 2035 2408 4041 
v566:862 2400 3214 3894 4173 4933 
v567:844 3764 
v568:781 1628 1670 2297 2904 2933 4498 
v569:2452 3275 3996 
v570:1529 2407 2531 4447 
v571:2892 3198 3687 3733 3778 4464 
v572:775 1709 4241 
v573:880 936 1908 2101 2277 2408 3258 3337 
v574:646 2548 3332 3892 3937 
v575:3258 3522 3773 
v576:631 918 1981 2026 3074 3755 4042 
v577:2310 2851 3161 4933 
v578:1034 1827 3350 
v579:870 990 1232 1667 2460 3635 
v580:1122 2517 3268 4401 
v581:885 1653 1699 2976 3782 
v582:1501 1655 3133 3373 4378 
v583:994 3322 
v584:1857 4829 4989 
v585:
v586:593 601 1698 2379 3865 
v587:2317 2419 4375 4599 
v588:1865 1959 2278 4170 4550 4675 
v589:824 1736 
v590:1013 2758 3569 4298 
v591:1279 1472 1662 2043 2403 3280 3283 4861 
v592:849 1536 2305 2332 2452 3715 3725 
v593:639 2446 2663 4582 
v594:607 3109 3943 4557 4666 4815 
v595:2272 2400 4064 4238 4929 
v596:3092 3202 3362 4195 4467 4725 
v597:1231 3633 3690 4082 4923 
v598:1083 3565 4771 4806 
v599:644 994 1444 3697 3703 4291 
v600:725 1008 3030 3137 4140 4597 
v601:2001 3046 3161 
v602:909 1527 2304 3254 3723 3820 
v603:741 906 2584 3798 4782 
v604:927 1847 1977 2022 3327 
v605:1043 1560 2869 4250 
v606:1784 4664 4868 
v607:630 2442 3268 
v608:2349 
v609:927 2404 2640 3469 3981 4331 
v610:621 1742 2640 2757 2837 
v611:1322 2692 3167 3212 3515 4805 4956 
v612:985 3005 3871 4368 4848 
v613:1786 2400 4898 
v614:865 1189 1233 2785 4526 
v615:
v616:788 2102 2478 2837 3461 4011 4203 4490 
v617:1804 1893 2702 2777 2888 3666 
v618:937 3528 4015 4392 
v619:2602 2607 2979 3354 3876 4639 
v620:812 2698 3206 4828 
v621:4031 4483 
v622:3031 3312 4044 
v623:886 1614 3798 4156 4275 
v624:1241 
v625:1363 1786 1836 2369 3006 3874 4403 
v626:3114 3152 3736 
v627:1565 2486 4016 4597 
v628:820 1891 2612 2743 3251 3699 4473 
v629:1779 1868 2106 3040 3075 4301 
v630:859 1725 2574 2636 3769 
v631:3156 4796 
v632:3205 3549 3851 
v633:4418 4927 4986 
v634:737 1831 1974 3496 3635 4328 
v635:1942 2063 4447 
v636:1113 3319 3511 
v637:839 1320 1765 4107 4863 
v638:1715 3873 3885 4386 
v639:1277 1661 1769 2083 2239 2757 
v640:3026 3562 4407 
v641:2453 
v642:734 1037 2602 3664 
v643:923 3002 
v644:1604 3348 4263 4337 4559 4831 
v645:1352 3903 4206 
v646:2856 
v647:1290 1858 2000 2428 4070 4943 
v648:1917 3274 3485 3923 4762 
v649:2309 2849 3549 4440 
v650:795 3698 3776 
v651:2448 3287 4377 
v652:1955 2877 2973 2974 4070 4489 4605 
v653:1102 2560 4031 
v654:2634 3361 3434 3602 4036 
v655:1086 1996 2348 2378 2411 3392 3412 4599 
v656:3584 4618 
v657:1536 3346 3647 4589 
v658:686 1767 2865 3295 4670 
v659:1227 4543 
v660:1367 2034 4497 4534 
v661:1367 1733 2399 
v662:992 1903 
v663:2775 3022 3047 
v664:3364 4074 
v665:2302 4659 4872 
v666:1955 2615 3053 3597 
v667:1260 1878 3855 
v668:1190 1731 3095 4391 
v669:1696 2437 2750 
v670:2519 2676 3757 4298 4426 4923 
v671:3422 3541 
v672:1148 1877 3717 3926 4374 4760 
v673:2164 4895 
v674:1148 2829 3914 4451 4748 
v675:
v676:1426 1625 3062 3348 3452 4315 
v677:2585 3361 3425 4536 
v678:2036 2674 3253 3898 4719 
v679:1870 2216 3360 3929 4312 4769 
v680:747 772 2130 2246 3544 4057 4087 4546 4708 
v681:1091 1862 3381 4345 
v682:2309 2687 2695 
v683:1113 2914 2970 3259 3942 
v684:3396 
v685:803 3169 4911 
v686:4109 
v687:1568 2271 2323 4575 
v688:1198 1638 2161 2203 2339 3211 
v689:1258 2941 3255 
v690:1455 2011 4651 
v691:1750 3865 3925 4381 
v692:2706 3432 3474 3982 4452 4478 
v693:
v694:1197 2474 2562 2646 2739 
v695:3137 3717 4083 
v696:1273 1370 1654 2213 3137 4250 4597 
v697:
v698:1308 1342 1901 
v699:2228 3090 3116 
v700:800 1500 1560 1806 2029 2368 4082 4866 
v701:1264 1854 4100 4227 4416 
v702:892 1222 2275 3943 4004 4073 
v703:1940 1990 2981 4371 
v704:896 2038 2144 4055 4180 
v705:825 1735 2159 3788 4197 
v706:2737 
v707:3921 
v708:714 742 1247 2204 2991 3356 4065 4493 
v709:880 918 1398 2241 3189 3435 3742 4008 4897 
v710:1576 2003 4001 4209 4488 
v711:865 3257 
v712:2175 4063 
v713:1159 1432 3158 3194 3618 4025 
v714:990 2489 3588 3822 4390 4440 
v715:1488 2744 
v716:1399 1569 4360 
v717:922 1253 2052 
v718:2585 3474 
v719:2935 3456 3543 
v720:2421 2555 3592 
v721:736 954 1156 1269 1562 1873 2375 2510 
v722:2292 2671 2983 3353 3360 4432 
v723:846 1254 2238 3219 4067 4219 
v724:1962 2038 2269 2621 3765 3941 4126 
v725:3323 3845 3846 4412 4872 
v726:939 1629 1704 3055 3295 
v727:1001 1113 1739 3074 3296 3437 3988 4416 4825 
v728:775 3016 3680 3899 
v729:799 3678 4697 
v730:1048 1988 4066 4193 4246 
v731:2131 3689 4106 
v732:912 1738 2053 2765 3215 4871 
v733:2125 2471 4699 
v734:1228 2699 
v735:1412 1710 2280 2702 3100 4091 4124 4575 
v736:1151 1228 1382 4948 
v737:926 3832 4843 4924 
v738:1649 2750 3434 3545 
v739:2526 2614 2785 4276 4618 4629 
v740:1116 1931 2446 3832 4027 4778 
v741:858 2783 2947 3179 3916 4545 
v742:4789 
v743:858 2534 3051 
v744:3871 
v745:2206 3527 
v746:1245 1386 
v747:1666 3054 3398 
v748:1625 3311 4048 4292 
v749:1031 1539 1583 3680 
v750:1258 2144 3359 3743 
v751:3809 4964 
v752:1499 2153 3143 4332 4767 
v753:1140 1177 1306 2820 
v754:1305 3149 3432 
v755:1386 1498 3167 3187 3350 3531 4310 4814 4820 
v756:1281 2184 2831 2886 3072 4291 
v757:809 1933 3616 4167 4502 
v758:1963 2001 2829 2833 3565 3614 3712 4220 4685 4904 
v759:2159 2401 2870 2873 3145 4362 
v760:4094 4672 
v761:1209 2228 3726 
v762:2808 3878 4058 
v763:2817 3476 4870 4932 
v764:1478 1937 3233 
v765:3320 3957 3982 
v766:2063 2920 2999 3803 
v767:1015 2399 3221 
v768:1447 4543 
v769:920 1000 2342 3046 3323 4205 4456 
v770:1022 1871 2134 2138 2253 2531 
v771:1617 3263 4630 
v772:1163 1752 2764 3370 4097 
v773:1621 2610 3816 
v774:962 1132 1826 2930 4519 
v775:1841 2083 2292 2399 
v776:971 1420 1510 4454 4523 
v777:1022 3746 3769 3984 4703 
v778:3443 3908 4785 
v779:3574 3670 3766 4972 
v780:890 2479 2648 3170 4725 4813 
v781:2308 2522 2975 3552 
v782:1570 1932 2075 3722 4154 4688 
v783:1202 2032 3747 
v784:1886 2395 3547 
v785:2333 2534 3326 3778 4797 
v786:1214 1898 2886 4045 
v787:1607 2724 4858 
v788:943 1156 2617 2859 
v789:1005 4211 
v790:1407 1737 
v791:2145 2640 4305 
v792:1436 2909 
v793:3101 4727 
v794:1074 1341 1742 2728 2964 3110 
v795:1858 3343 3466 
v796:1104 2274 2850 3002 3789 3968 4590 
v797:876 1169 1376 2553 2567 
v798:1519 2634 3220 3982 
v799:1134 2067 2083 4674 
v800:1918 
v801:1573 4022 
v802:1945 3512 4399 
v803:1152 3736 4227 
v804:923 991 2192 3330 3788 4004 4359 
v805:960 1304 1926 2949 3073 3279 4482 4608 4850 
v806:1235 1544 3016 3516 
v807:992 1282 1611 2011 3855 4919 
v808:950 1375 1546 2357 
v809:1124 2629 3114 3843 4098 4284 
v810:2049 2339 4080 
v811:839 1012 2252 2592 3135 3793 4061 
v812:1025 2075 3611 
v813:1395 2373 3127 4088 
v814:1671 1952 2193 3928 
v815:912 1637 1673 2216 3006 3014 3524 4426 
v816:1719 1837 2262 2481 3036 3562 3970 4198 
v817:1360 1547 3697 4168 4336 4627 
v818:1476 3051 3412 3817 4599 
v819:1745 2309 3100 3342 4496 
v820:1073 1268 4209 
v821:2192 2300 3191 3779 
v822:3064 3363 4091 
v823:935 3966 4159 4692 
v824:1422 2241 2333 3934 4140 4407 4913 
v825:1095 1243 1699 4199 4662 
v826:1834 2194 2451 3438 4082 
v827:1398 2090 2509 3510 3511 4094 4944 
v828:4304 4882 
v829:1024 1447 2309 3227 3821 4127 4969 
v830:1272 1890 2349 
v831:1175 2523 3145 3718 3760 
v832:2218 2927 3656 4172 
v833:1065 1308 2042 2450 3068 3224 
v834:1375 1471 2725 3598 4064 
v835:1587 
v836:2644 2983 4199 4406 
v837:2076 2972 3767 4073 
v838:2254 2591 3328 3804 
v839:1645 1868 2730 4373 4546 
v840:1891 3391 3793 
v841:2818 3102 4142 4748 
v842:1141 2066 
v843:1567 4296 4935 
v844:1043 1152 2215 3329 3459 4223 4503 
v845:1012 2564 4293 4800 
v846:1845 3080 3331 3366 4067 
v847:2451 4187 4552 4996 
v848:864 4134 4213 4493 
v849:2055 2879 4905 
v850:1675 1723 2409 2963 3642 4438 4767 
v851:1081 1168 1803 2260 4155 4354 4899 
v852:1525 3249 
v853:902 908 955 
v854:1176 1359 1646 2199 2819 2870 3474 3690 3832 4132 4467 
v855:2712 
v856:1347 1710 1812 2057 3144 3808 4259 4381 4532 
v857:2942 3305 4138 4477 4514 
v858:1353 3210 
v859:1290 3194 3371 3908 4103 
v860:1258 1469 3016 3210 4638 
v861:1834 3196 3453 3692 3852 3909 3998 
v862:1804 3292 3480 
v863:956 1443 1798 
v864:2751 3212 3651 
v865:4133 4518 
v866:1212 2024 2626 3754 
v867:1934 2003 2064 3218 
v868:1456 2148 3244 4112 4467 
v869:1570 2290 3743 4921 
v870:1779 2331 2546 2827 2913 4298 
v871:2732 2816 2898 3181 3606 3973 
v872:1214 3853 
v873:897 2868 3080 3850 
v874:2215 
v875:1964 2097 2731 3162 4167 4758 
v876:924 1745 1864 2400 2648 3421 4441 
v877:1184 1707 2329 2559 3236 3397 4230 
v878:2223 2563 2683 4522 
v879:2246 3614 4503 
v880:2642 2926 3839 
v881:3911 4682 4727 
v882:2621 2651 4343 
v883:3186 3853 4781 
v884:1045 1823 4139 4388 4519 4730 4806 
v885:2515 4238 4275 4472 
v886:2455 3636 3835 
v887:2291 3477 
v888:1651 1873 2470 2477 4239 4477 4479 
v889:3169 3840 3857 4021 4721 
v890:1512 2165 2977 4689 4746 
v891:2019 2413 2463 3757 
v892:2474 2483 2917 4236 4324 
v893:3055 3305 4181 4255 4515 4875 
v894:1670 2279 3862 
v895:1215 1380 1398 1802 
v896:1139 3385 
v897:1132 2285 2532 
v898:1542 2143 2749 4037 
v899:2771 2913 3770 3875 
v900:1830 2256 4282 4383 
v901:2151 2481 2571 3047 3301 
v902:1346 2328 3786 
v903:2362 2426 
v904:1024 2074 3492 
v905:1784 
v906:1358 1827 1870 1979 3539 4551 
v907:2657 3312 3326 3815 
v908:1196 1277 2231 3648 3842 
v909:2589 
v910:1481 1547 1580 2433 3403 3606 3809 4392 4681 
v911:1830 2220 2501 2975 3286 3362 
v912:1703 2079 2982 3768 4875 4941 
v913:1118 1908 2713 2916 
v914:
v915:2033 2371 2381 2540 3099 4798 
v916:2822 3020 3159 3925 
v917:1180 1620 2450 2487 2615 
v918:1025 2581 2850 
v919:1273 1450 2743 4244 
v920:982 1147 
v921:2590 3390 4467 
v922:2465 2775 2828 3364 3487 3605 4602 
v923:1057 3182 4787 
v924:1757 2414 3764 
v925:2474 4430 
v926:1719 
v927:1022 1637 2112 2388 4404 
v928:1366 1894 1901 2416 2770 4198 
v929:1713 3083 3727 
v930:4706 4939 
v931:1713 1827 2351 4351 4417 
v932:1404 2230 3648 
v933:1665 3203 
v934:1725 1910 2665 3182 3598 
v935:3110 4583 4891 
v936:2029 2098 2120 2544 3487 4621 
v937:
v938:1386 2382 
v939:2856 4716 
v940:1858 2607 4034 4133 
v941:2792 3233 3418 3440 3853 
v942:2505 2657 3348 
v943:1506 1693 2362 3760 4022 4039 4547 4919 
v944:
v945:1256 3140 3301 4253 4683 
v946:
v947:1223 1733 4497 
v948:2985 3587 4453 
v949:1679 2124 2858 3109 3595 4316 
v950:1393 1659 2667 3058 
v951:1589 2112 3474 
v952:1935 2336 2885 3477 
v953:3175 3831 4470 
v954:1003 1358 2539 3430 
v955:1097 2311 2597 4533 4858 
v956:1190 1200 2440 3359 4994 
v957:1337 1795 1803 3314 
v958:1487 4679 4747 
v959:1121 3080 4176 4228 4491 4944 
v960:1003 3115 3209 4816 
v961:1067 1552 
v962:1319 1640 2709 2715 3809 3884 4457 4528 4797 
v963:2182 2342 2458 3218 4645 4782 
v964:2613 2736 4293 4459 4509 
v965:1202 2906 3921 
v966:1490 2798 2909 4620 
v967:2284 2621 2849 4429 
v968:2274 4869 
v969:1293 2047 3221 4057 
v970:
v971:1630 2945 3928 4805 4852 
v972:1097 2131 3169 3263 3597 3711 3885 4655 
v973:3459 3722 4076 4244 
v974:3478 
v975:1016 1169 2690 3434 
v976:2566 
v977:982 1004 1098 3620 3743 4539 4588 4969 
v978:3672 
v979:1499 2051 4203 
v980:1948 2915 3701 3739 4336 
v981:1973 2983 3818 3911 
v982:1028 2111 2693 2913 3677 3761 4517 
v983:1021 1827 2008 2037 3115 
v984:1462 2964 3971 4652 4802 
v985:4644 
v986:1352 1461 3965 
v987:
v988:2343 2891 3308 3694 4592 
v989:3639 3906 
v990:1980 3324 3363 3607 4158 
v991:1281 1568 1599 1888 2338 3501 3602 4335 
v992:3448 
v993:1646 2180 3647 4148 
v994:1080 1175 2675 3122 3927 4142 4593 
v995:1840 2957 2958 3002 3527 3977 4580 
v996:1576 1589 2361 
v997:1476 1620 3230 4863 4881 
v998:2524 3979 3987 4278 
v999:1103 2707 3719 4354 
v1000:1147 1214 2018 2425 
v1001:1373 2076 2885 3172 
v1002:1700 2879 3571 3669 4148 4705 
v1003:
v1004:1966 2342 3706 
v1005:1755 1767 4661 
v1006:2454 2729 2985 
v1007:2457 2822 3359 3429 3728 
v1008:1604 3266 3346 3577 4183 
v1009:1444 1639 2897 4944 
v1010:1442 3182 3535 3709 4311 4605 4896 
v1011:1071 1231 1806 3882 4074 
v1012:1880 2183 2619 3641 
v1013:4186 
v1014:1118 1319 2577 2676 3502 4449 
v1015:1616 2167 2490 3458 3833 
v1016:1512 1539 2755 2786 
v1017:2467 4329 4947 
v1018:1342 3993 4676 
v1019:2082 3591 3779 4072 
v1020:1737 2946 
v1021:4267 
v1022:1158 1553 1768 2962 3723 3825 4865 
v1023:1124 2055 2308 3126 4828 
v1024:1695 2612 3443 3865 4605 4831 
v1025:1782 2286 2735 3183 3398 3663 
v1026:2226 2660 3004 4754 
v1027:1151 1902 1999 4545 
v1028:1085 2577 2653 2798 4636 
v1029:2013 2856 3746 4200 
v1030:1314 2732 4246 
v1031:3077 3145 3513 3770 4904 
v1032:2014 4671 
v1033:1909 4003 
v1034:1449 1868 
v1035:1697 1885 2058 2614 3221 3802 3902 4621 
v1036:1133 1691 3191 3664 3882 4892 
v1037:2600 
v1038:1772 3430 3849 3863 4403 
v1039:3144 3615 
v1040:1920 2246 2466 2645 4892 
v1041:2292 4790 
v1042:1642 2502 3646 4377 4625 
v1043:1576 1620 3249 
v1044:1711 2379 2933 3059 4405 4713 
v1045:1861 2352 2943 3563 4425 4840 
v1046:1436 1985 2053 3005 3424 3497 3920 4929 
v1047:2109 2938 3509 
v1048:1142 1332 3806 
v1049:1560 2235 2249 3981 4403 
v1050:1371 3189 4738 
v1051:2127 2419 3710 4842 
v1052:2002 2130 3221 3457 4588 
v1053:1601 1949 2366 2992 3499 4219 
v1054:1622 2115 2362 2429 3218 3242 
v1055:1232 1476 1784 3822 4774 4897 
v1056:1265 1472 2451 4141 4745 
v1057:1257 2553 2640 3186 3691 4401 
v1058:1521 4347 
v1059:1322 1727 3188 4141 4997 
v1060:1154 2451 3267 4112 
v1061:2286 3520 3697 4033 4641 
v1062:1835 2847 3470 3527 
v1063:2299 2862 3145 3211 4228 4645 4802 
v1064:1334 4927 
v1065:1716 3999 
v1066:2085 2164 2474 4613 
v1067:2532 3181 
v1068:1863 2721 4703 
v1069:4318 4401 
v1070:2351 
v1071:2385 
v1072:2781 
v1073:1664 2078 3388 
v1074:1472 1879 2696 2831 
v1075:4786 
v1076:1417 3645 3953 
v1077:1288 1561 3052 
v1078:2359 4099 4272 
v1079:2338 3998 4368 
v1080:1558 1911 2458 2542 3817 4061 4739 
v1081:1674 2267 2723 3247 4572 
v1082:1917 4372 
v1083:1861 2546 
v1084:3309 3485 3907 
v1085:1210 2037 2514 4800 
v1086:2659 
v1087:1626 3089 4211 
v1088:2332 
v1089:4046 
v1090:3079 3350 4038 
v1091:2410 2523 
v1092:1228 4902 4916 
v1093:3582 3758 4402 
v1094:2220 3515 4162 4694 
v1095:1783 2326 2582 3268 3543 4172 
v1096:2774 3091 3098 4189 4366 4958 
v1097:1212 1412 1747 3172 4094 
v1098:2458 4194 
v1099:1300 3414 3859 4077 4977 
v1100:2948 3048 4837 
v1101:2304 3185 
v1102:2766 
v1103:
v1104:2534 3355 3596 4153 
v1105:1255 1783 2230 3214 4210 4230 4941 
v1106:2795 3202 4420 
v1107:2958 3175 3667 3775 4442 
v1108:2835 4640 
v1109:1372 2109 2345 2629 3438 3903 4280 4946 
v1110:1991 2056 2205 3608 3968 4835 
v1111:2333 3132 3837 
v1112:1337 2203 2303 2608 2834 3699 4118 4860 
v1113:1673 1855 2264 2860 2992 4430 4951 
v1114:1621 2358 3056 3428 3501 4108 
v1115:1556 2024 2106 2256 2692 3069 3651 
v1116:1824 1922 2180 2302 2340 2967 4177 
v1117:1375 1467 1871 2589 4776 
v1118:2503 3083 4754 
v1119:4088 4139 4448 
v1120:1861 2355 3358 4259 4713 
v1121:1446 4482 
v1122:1677 4985 
v1123:1930 1980 3577 3687 4454 4761 4771 4856 
v1124:2115 3040 3272 3398 3813 
v1125:1533 2293 3288 4539 
v1126:1830 1905 2132 2537 2543 3110 3447 
v1127:1680 2171 2879 4265 
v1128:1597 3170 4126 4305 
v1129:1621 1887 2252 3025 4144 
v1130:1542 2716 2845 2923 4915 4970 
v1131:1529 4576 
v1132:2931 4012 
v1133:1317 3374 
v1134:1711 2817 2917 4270 
v1135:2379 3436 3513 3593 4930 
v1136:1662 2927 2964 4519 
v1137:2613 3678 4024 
v1138:1973 2592 4765 4885 
v1139:2130 2340 2980 4489 
v1140:3734 4505 4521 4547 4985 
v1141:1365 2725 
v1142:3377 4038 4718 
v1143:2213 2218 2387 3196 4187 
v1144:1341 1927 3908 
v1145:2907 3222 3575 3876 
v1146:1844 3119 3769 4262 4860 4951 
v1147:1296 1607 
v1148:1419 1850 2786 3275 4160 4919 
v1149:1778 1826 3257 4729 
v1150:2249 2475 2572 3110 4006 
v1151:1415 2887 3044 4130 4469 4615 
v1152:1874 1935 2954 
v1153:2545 3950 
v1154:1565 2796 4154 4372 
v1155:1365 1725 1914 3410 
v1156:1783 3477 
v1157:3033 3519 
v1158:1749 2721 4584 
v1159:1835 3029 4302 4528 4937 
v1160:2298 3809 4063 4869 
v1161:1206 1642 1762 2143 2663 4362 4793 4960 
v1162:1418 2560 4974 
v1163:1269 3233 4932 
v1164:1365 1965 
v1165:2436 3410 3516 4947 
v1166:3019 3275 4085 
v1167:1641 3109 
v1168:1525 2913 3086 3179 
v1169:2144 2333 3214 3217 4055 4091 
v1170:1402 1761 1819 2484 3736 4150 4283 4525 
v1171:1529 2842 3887 3992 4556 
v1172:2224 2496 3037 
v1173:3597 4943 
v1174:1696 2118 2348 2578 3605 4741 4898 
v1175:1740 2646 4223 4369 
v1176:1539 1590 
v1177:1352 2056 3231 4119 
v1178:1789 2556 2873 
v1179:1933 2168 4464 4645 4670 
v1180:2974 3365 4262 
v1181:3983 4104 4950 4958 
v1182:1218 1584 3001 
v1183:1784 
v1184:3774 
v1185:1212 1307 1462 3121 3383 3744 4075 
v1186:3676 3998 4955 4981 
v1187:2183 2923 2978 3252 3359 4263 4274 
v1188:3796 4526 
v1189:2765 3964 
v1190:1984 3071 
v1191:1475 2050 2074 2678 2922 3102 
v1192:2291 3382 
v1193:2669 4966 
v1194:1888 2194 2822 4233 4579 
v1195:1327 3349 4169 
v1196:
v1197:1434 1746 2281 3505 
v1198:1923 3802 4801 
v1199:2592 3461 4249 
v1200:2595 3181 4111 4884 
v1201:1531 2571 3293 
v1202:1830 2671 3417 4249 4422 
v1203:1541 1693 3171 3629 3725 4936 
v1204:1282 1577 2470 3799 4190 4227 
v1205:2384 2651 2897 3663 3940 4541 
v1206:2752 3028 
v1207:1695 3161 3464 3862 3867 4342 
v1208:3407 4394 4715 4796 
v1209:1294 
v1210:1251 1308 1602 2240 2967 
v1211:1940 2482 3396 3898 4507 4788 
v1212:3663 
v1213:1293 2689 4805 
v1214:1221 1422 3013 3228 3734 4346 4666 
v1215:2132 2214 2625 4260 4345 
v1216:1469 4690 4863 4920 
v1217:1759 2034 2195 3613 4957 
v1218:1714 3290 3889 4973 
v1219:1523 1925 1994 4094 4493 
v1220:4319 4794 
v1221:1462 1684 2010 3442 
v1222:1574 3244 3511 3522 3996 4370 
v1223:1936 3354 4311 
v1224:1593 1720 2194 3260 
v1225:1277 2409 2694 2900 4391 
v1226:1453 1877 1897 4347 4659 4806 4840 
v1227:3814 4541 
v1228:1890 2104 4178 
v1229:1458 2110 2548 3108 3422 3875 4192 4399 
v1230:
v1231:1437 1949 2811 3901 
v1232:3533 3686 
v1233:2255 4543 4902 
v1234:2919 3114 4386 
v1235:2285 2700 4397 4583 
v1236:2055 2765 3022 3045 
v1237:1512 1760 3423 3573 4448 4541 
v1238:2623 2844 3139 3472 4136 4189 4720 4774 4822 
v1239:1779 1979 3799 4530 4658 
v1240:1839 4111 4421 
v1241:2069 
v1242:1389 3027 4475 
v1243:1486 2558 
v1244:1263 1271 1398 2205 2259 3957 4939 
v1245:2846 3279 3574 3879 4216 4524 4952 
v1246:1406 1946 
v1247:1526 4762 
v1248:2069 3607 4309 4590 
v1249:1318 1830 2902 3602 
v1250:1535 1690 3105 4352 
v1251:1257 2634 2736 2918 3079 
v1252:1667 2804 3621 4949 
v1253:2005 2463 2517 3706 
v1254:1303 1471 1881 1991 3392 4790 
v1255:1373 3120 
v1256:1270 3359 4563 
v1257:1971 3408 3855 4496 
v1258:2612 2735 2814 3751 4258 4322 
v1259:1345 1568 3178 3490 4386 4612 
v1260:2490 3951 4301 
v1261:2648 4369 
v1262:1605 4305 
v1263:1421 2581 3268 4863 
v1264:1603 2209 2833 4376 
v1265:1634 1815 2098 3339 3672 
v1266:2309 3768 
v1267:1540 1559 2234 4432 
v1268:2812 2980 4344 4656 
v1269:1279 1499 2090 2296 2566 3346 
v1270:1518 1893 2193 3568 
v1271:2076 3313 
v1272:1476 1886 4194 
v1273:1967 2881 
v1274:4290 
v1275:2356 2466 3858 4135 4687 
v1276:3650 
v1277:1710 1789 3539 4481 
v1278:1310 1386 1564 2111 3399 
v1279:2490 3846 4959 4971 
v1280:2774 4676 4926 
v1281:2958 4920 
v1282:2183 2653 2904 2970 3370 4860 
v1283:1360 2009 2399 2503 3252 
v1284:2518 3712 3793 4453 
v1285:1637 3436 3652 
v1286:1661 3017 3534 
v1287:1953 2503 2935 3336 3959 
v1288:2075 3933 4482 
v1289:2338 3743 4076 4676 
v1290:1402 2377 2592 3293 3896 
v1291:3100 3487 
v1292:1456 2100 3807 4819 
v1293:1338 2154 2225 3205 3319 3351 3981 
v1294:1680 2656 3119 4158 
v1295:1427 4104 4671 
v1296:2281 2608 2617 3063 3356 3459 3491 
v1297:1552 3359 3513 4981 
v1298:
v1299:3101 
v1300:1537 2182 3027 3513 4273 4317 
v1301:2992 
v1302:1789 2816 3390 4264 
v1303:1823 4497 4767 
v1304:2821 4170 
v1305:2586 2949 
v1306:1351 1674 3124 
v1307:1873 2264 2483 
v1308:1637 1922 3222 
v1309:1814 2258 
v1310:1876 2118 2417 2479 2771 3969 
v1311:1386 1605 1824 1930 
v1312:1661 1710 1741 2577 3378 3414 3560 
v1313:2051 3353 3459 3767 3814 4277 
v1314:2300 2331 2408 3497 4865 
v1315:1682 3127 3381 3826 4585 4628 
v1316:2014 2277 2593 3057 3217 4686 
v1317:3729 4658 4712 4863 
v1318:4392 4935 
v1319:3261 3708 3788 
v1320:1783 2364 3734 
v1321:1440 1766 3215 4755 
v1322:1614 1874 2547 3009 3184 4881 
v1323:1587 2892 3762 
v1324:2124 2456 3270 3422 3788 4277 4629 4658 
v1325:1946 2356 2381 3976 4297 
v1326:2922 4344 
v1327:2709 4203 4316 
v1328:2269 3158 
v1329:2302 3509 3876 
v1330:2779 3052 
v1331:1898 1950 3093 4044 4811 
v1332:3518 
v1333:1984 3432 3912 
v1334:1504 2144 3514 3605 
v1335:1664 2006 2516 2874 2949 
v1336:2104 2547 3710 
v1337:2835 3509 4392 
v1338:2147 2916 3505 3691 
v1339:
v1340:1816 1871 4004 4526 
v1341:2001 3997 
v1342:2636 2754 3126 3717 3718 3866 4106 4196 4492 
v1343:1548 1838 3226 4005 4823 
v1344:1678 1707 2881 3240 3550 4890 
v1345:4302 
v1346:2214 2566 3062 3180 3463 3490 4786 
v1347:1785 1944 2026 2031 2764 4671 
v1348:1761 2198 2711 4451 4455 4551 
v1349:1378 2157 4240 4251 4828 
v1350:2127 2241 
v1351:2556 4174 4470 
v1352:3195 3657 
v1353:1539 2015 2416 2881 4777 
v1354:2720 
v1355:2665 2945 3577 
v1356:1617 1675 2110 2695 3120 3276 4398 4684 4857 4994 
v1357:2214 2490 2830 
v1358:
v1359:1869 1959 2489 3515 3598 3876 3894 4279 4878 
v1360:3392 
v1361:1530 1771 1888 4245 
v1362:1649 2722 4931 
v1363:1482 
v1364:2070 
v1365:1883 2395 3554 4648 
v1366:1413 1428 3146 
v1367:2028 2226 2810 3397 3873 
v1368:3015 3717 4086 4556 
v1369:1750 1779 2236 2865 2960 3616 4858 
v1370:1463 2191 3334 
v1371:2126 4972 
v1372:1978 3239 
v1373:1687 3234 3254 
v1374:2003 4150 
v1375:1601 2560 
v1376:2800 3771 4448 
v1377:1521 
v1378:2574 3648 4084 4440 
v1379:3176 4821 4874 
v1380:2271 
v1381:2768 3315 3726 4166 
v1382:2738 4171 4334 
v1383:1861 2550 2753 3285 3945 3968 4164 4489 4768 
v1384:4313 
v1385:1526 1622 
v1386:2113 4192 
v1387:4298 4478 4870 
v1388:1432 2324 3295 3355 4145 
v1389:1970 2278 3438 4263 
v1390:2352 2569 2745 4414 
v1391:2254 2786 4132 4567 
v1392:2431 2685 4178 4263 4556 
v1393:1802 2233 4029 4722 
v1394:3120 3735 
v1395:1522 1917 2683 4007 
v1396:4954 
v1397:1584 2677 3908 4429 
v1398:4712 4718 
v1399:1463 2990 3067 4227 
v1400:1513 2158 3523 
v1401:1853 2445 2966 
v1402:1624 1920 1963 2158 
v1403:2876 3670 4377 
v1404:1439 2252 4612 
v1405:1577 2007 2260 3378 4461 4695 
v1406:1554 2694 3058 3455 
v1407:1541 1977 2250 3257 3316 3722 4307 
v1408:1650 2867 4338 
v1409:1759 3723 4275 
v1410:1937 2050 2837 3428 3472 4022 4156 
v1411:2079 2438 3022 4973 
v1412:2559 3350 4509 
v1413:3014 3089 3274 3628 4574 
v1414:3762 4194 4214 
v1415:1635 2146 4204 
v1416:2554 2843 4855 
v1417:2158 
v1418:1967 3502 4516 4571 4625 
v1419:2542 2555 4183 4646 
v1420:3592 3675 
v1421:1538 1645 1765 
v1422:1625 1966 3582 
v1423:1993 2059 2641 2844 3240 3301 3717 3995 
v1424:2765 4297 
v1425:1627 1793 2441 2585 2614 3188 3453 
v1426:2157 3599 3626 4182 4814 
v1427:4805 
v1428:1924 3603 
v1429:2126 4131 
v1430:1767 1783 3287 3587 4364 4718 4943 
v1431:2366 4137 
v1432:3963 
v1433:
v1434:1447 2732 3275 3434 3747 4595 4621 
v1435:1468 3877 4272 4299 4415 4457 
v1436:
v1437:2540 
v1438:4131 4270 
v1439:2437 2536 3009 3423 3792 4229 4262 
v1440:2989 3465 4273 4367 4396 
v1441:2153 3035 3913 4917 
v1442:1861 1888 2734 2821 2927 3291 4213 
v1443:3696 4429 
v1444:3125 3378 3929 4467 
v1445:1969 2724 4641 4672 4810 
v1446:1529 1984 3410 4946 
v1447:2007 3611 4327 4587 4918 
v1448:1939 3116 3427 
v1449:1886 4620 
v1450:1553 1784 2961 3446 
v1451:2057 3332 
v1452:4815 4994 
v1453:1713 4620 
v1454:3067 
v1455:
v1456:3669 3987 4263 4404 4742 
v1457:3435 4716 4881 
v1458:1851 2568 2629 3390 4129 
v1459:1969 4270 
v1460:3723 3887 4282 4323 
v1461:1584 2643 4044 4180 4511 4540 
v1462:1475 2553 2693 4360 
v1463:3522 4351 
v1464:1524 1578 2668 4315 4713 
v1465:2879 2957 3465 4161 4324 4674 
v1466:1490 3144 3156 3718 4875 
v1467:3205 3457 3633 3943 4173 4847 
v1468:1686 1771 2577 3847 4252 
v1469:4102 
v1470:1831 3553 
v1471:3345 4095 4234 
v1472:1677 1785 2965 3405 3961 
v1473:
v1474:2191 2554 3841 4318 4424 
v1475:2185 2621 3126 3663 4937 4975 
v1476:2900 4539 4828 4842 
v1477:1687 2775 3509 4861 4912 
v1478:
v1479:2071 
v1480:2608 4604 
v1481:1669 1963 
v1482:2179 2448 2890 
v1483:2452 3026 4546 4832 
v1484:1540 3879 4304 4315 
v1485:4208 
v1486:2350 
v1487:2042 4265 4875 
v1488:2325 2703 3429 3706 4239 4512 
v1489:3315 3445 3516 4024 4117 
v1490:1729 1738 2407 
v1491:3267 3552 4088 4912 
v1492:1530 2713 2820 3509 4783 
v1493:1520 2850 3883 4913 
v1494:2511 3939 
v1495:3818 
v1496:1550 2078 3613 4209 
v1497:1642 3577 4920 
v1498:1624 3357 3552 4118 4276 
v1499:4182 4245 4422 
v1500:1574 1938 2529 3086 3817 3900 
v1501:2426 2757 4296 
v1502:2008 2704 4620 
v1503:2130 3167 
v1504:2748 
v1505:2210 3149 3325 3470 3644 4484 4830 
v1506:2017 4316 4321 
v1507:2928 4768 
v1508:1546 1873 2949 3116 3577 3691 
v1509:2325 2994 3164 3538 4776 
v1510:2282 2731 3066 3254 4182 
v1511:3285 3896 
v1512:3205 3806 4139 
v1513:4393 4670 
v1514:3585 4004 
v1515:2342 3086 3706 4293 4586 
v1516:2261 2476 2711 3453 3575 4164 4688 
v1517:1591 4823 
v1518:4081 4479 
v1519:2006 2078 3182 3941 
v1520:2221 3035 
v1521:1922 3554 4174 
v1522:1714 2551 2713 3400 4226 4740 
v1523:1874 2008 2274 2489 2504 2936 3915 4216 4485 
v1524:1773 3266 3426 4336 
v1525:1867 3133 3867 3893 
v1526:2355 
v1527:2264 2492 4915 
v1528:1974 2473 3142 3158 3189 
v1529:1925 2177 3583 3655 4368 
v1530:2070 3418 
v1531:2027 3085 4584 
v1532:1782 2221 2492 2580 3022 
v1533:1671 2583 4276 
v1534:1613 2008 2746 4838 
v1535:1611 4428 
v1536:1658 3123 3684 4104 
v1537:4882 
v1538:2321 3993 4748 
v1539:2828 4835 4857 4880 
v1540:4146 
v1541:2829 3781 3900 
v1542:1709 2263 
v1543:1749 2483 2867 3087 
v1544:1728 4077 4325 4920 
v1545:3637 
v1546:1951 2461 3611 3722 3822 
v1547:2195 3771 4872 
v1548:3032 4115 4607 
v1549:1961 2721 3258 3686 
v1550:1654 2870 2932 2985 
v1551:1877 2516 3918 
v1552:3443 4066 
v1553:3859 
v1554:2340 3134 3155 3786 4549 4927 
v1555:2123 2773 3456 4877 
v1556:1959 2494 2713 3575 4052 4562 
v1557:1570 1831 3122 
v1558:4234 4795 
v1559:2015 
v1560:2553 3420 4662 4833 
v1561:2430 2456 3308 3570 
v1562:3170 
v1563:1599 3284 4522 
v1564:1832 2657 4881 
v1565:4409 
v1566:3169 4477 4576 
v1567:1872 3616 4297 
v1568:1763 4203 
v1569:2224 2767 2877 3488 4262 4760 
v1570:2022 2505 3042 3800 4144 
v1571:
v1572:4468 4763 
v1573:1732 2494 3419 4224 4330 4705 
v1574:1895 2831 3758 3855 
v1575:1938 2221 4538 4882 
v1576:2542 3213 
v1577:2844 3069 3748 
v1578:1869 2248 2516 2579 3289 4419 4806 
v1579:2156 2596 3577 4178 4767 
v1580:2322 2418 2425 2520 4940 
v1581:1997 2078 2313 3220 3832 4352 
v1582:1613 2446 2882 3161 3886 3979 4009 
v1583:2667 2717 3389 4257 
v1584:2013 2082 3542 4538 4625 4642 4844 
v1585:1919 2031 2474 3196 3213 4050 
v1586:3827 4707 4822 
v1587:1877 3478 4263 4691 4867 
v1588:4489 
v1589:1690 
v1590:1964 2014 3838 4307 4617 
v1591:2662 2953 3016 3133 3207 3982 4130 4552 4787 4802 
v1592:1854 3963 4132 4754 
v1593:2358 4739 
v1594:1962 3140 3571 4036 
v1595:2196 2910 3041 4504 
v1596:2176 2440 2760 2779 2849 
v1597:2110 3879 3892 4599 4795 
v1598:
v1599:1885 1886 1911 2900 2956 3640 3795 4483 4933 
v1600:2038 2535 3695 4230 4619 
v1601:2932 2992 3294 4022 
v1602:2906 4598 4815 
v1603:3205 3268 4817 
v1604:1625 2378 3162 4214 4451 
v1605:2459 2483 2484 3961 4121 4358 
v1606:1765 1845 1853 1964 3348 3863 3944 
v1607:1710 2937 4436 4655 
v1608:3220 4044 
v1609:2586 3453 3745 3790 4069 4114 
v1610:1876 2222 3565 4409 4524 
v1611:2619 3715 4880 
v1612:
v1613:2427 2975 4222 
v1614:1642 3821 
v1615:1752 4124 4778 
v1616:1976 2247 2567 4395 4567 
v1617:2016 4386 4610 
v1618:2167 3572 3740 
v1619:1993 3076 3112 4657 
v1620:1986 
v1621:
v1622:1822 1984 4450 4768 
v1623:2461 3101 3591 4853 
v1624:2203 3272 
v1625:1913 4271 4316 
v1626:2079 
v1627:2714 4476 
v1628:2150 4897 4898 
v1629:
v1630:1796 2775 4113 
v1631:1796 3516 3537 3809 4213 
v1632:1685 1731 2394 3071 3220 3515 4129 4810 
v1633:1946 3441 
v1634:2177 
v1635:2049 2763 3961 
v1636:1768 1926 2477 3218 4050 
v1637:3781 4353 4889 
v1638:1949 4234 
v1639:3329 4342 
v1640:3005 
v1641:1820 2256 2658 
v1642:1664 1788 1866 2277 3676 4396 
v1643:1663 2792 
v1644:2023 2263 2902 3963 3984 4275 4382 
v1645:2169 2356 2405 3710 
v1646:2786 2796 3223 3640 
v1647:3881 4464 4559 
v1648:1855 2175 2704 3447 3773 4242 
v1649:1687 2752 
v1650:2611 3274 3308 3625 4141 4336 
v1651:
v1652:2119 2470 2508 2527 2608 3347 3810 
v1653:3265 4763 4883 
v1654:1739 3708 4531 
v1655:3982 
v1656:2723 4242 4666 
v1657:2198 4916 
v1658:3841 
v1659:1783 2277 2868 3839 4129 
v1660:2931 
v1661:2684 2741 3428 
v1662:4289 
v1663:1714 1764 2191 2964 3935 4077 
v1664:2281 2489 3463 4098 
v1665:3991 
v1666:2119 2313 2392 3044 
v1667:1691 3845 4077 
v1668:4036 4243 
v1669:3013 
v1670:1890 4609 
v1671:1881 2649 3058 4052 
v1672:2525 3303 4903 
v1673:2594 2812 2882 3526 3869 3877 4295 4489 4889 
v1674:2043 2602 4274 
v1675:1758 1873 2992 4517 
v1676:2032 2336 3395 3662 
v1677:2661 3435 3489 3942 
v1678:2197 2234 
v1679:1966 4189 4422 4792 
v1680:2750 
v1681:1801 
v1682:1921 3254 3864 4636 
v1683:2570 2651 2990 3906 4384 
v1684:2392 3462 3938 
v1685:2546 
v1686:4471 4505 
v1687:2262 3433 
v1688:2946 3589 
v1689:1964 2428 3569 3747 4062 
v1690:2308 4066 4623 4805 
v1691:3428 
v1692:3507 4912 
v1693:2447 2541 2575 2639 3750 
v1694:2153 4366 4469 4662 
v1695:2036 3161 
v1696:2016 4401 
v1697:3694 4682 
v1698:3698 3946 4559 
v1699:2748 3219 
v1700:3625 
v1701:2369 2473 3171 3542 3720 4019 4491 4539 
v1702:4208 4484 
v1703:3318 3951 4576 4694 
v1704:2562 3376 3629 3665 4626 
v1705:2179 2835 3694 
v1706:2401 3722 4006 
v1707:1770 2125 2427 4317 4471 4886 
v1708:2565 3307 
v1709:3235 
v1710:2105 4133 4829 4930 
v1711:1888 
v1712:2567 
v1713:2039 2056 2240 3934 4183 
v1714:2149 3020 
v1715:2348 4180 
v1716:3921 
v1717:3485 3747 
v1718:2548 2834 
v1719:2722 4557 
v1720:2330 4136 
v1721:2489 2708 3423 3843 4708 4756 
v1722:1919 3246 3853 4803 4968 
v1723:2628 4884 
v1724:1742 1755 1932 4451 4855 
v1725:1830 2338 4076 4745 
v1726:3293 3861 4971 
v1727:2520 4811 
v1728:
v1729:2262 3250 3749 3782 4128 4569 
v1730:
v1731:1773 2162 2765 3945 4552 
v1732:2390 2458 2466 2999 4112 
v1733:1755 2238 3730 3782 
v1734:1919 2381 3410 4427 4972 
v1735:2297 2815 2998 3275 3656 3992 4919 
v1736:1740 1822 2813 3570 4080 
v1737:3135 
v1738:2891 3136 3859 
v1739:3879 4882 
v1740:3522 4127 4649 
v1741:2071 3634 
v1742:2062 2120 2347 2547 2818 
v1743:2017 3239 4130 
v1744:1936 3243 4667 
v1745:2311 3927 4274 4564 4602 
v1746:2019 2334 2880 3447 
v1747:1749 2533 3164 3362 4126 4820 
v1748:1891 2103 2188 2575 
v1749:
v1750:2938 3087 3362 3994 4201 4672 4945 
v1751:4664 
v1752:1993 3779 
v1753:1756 2106 3403 
v1754:4328 4686 
v1755:1799 2041 4030 4398 
v1756:2304 2837 4698 
v1757:2556 3218 4564 
v1758:1812 2199 2477 3199 4884 
v1759:2083 4073 
v1760:2161 2329 2919 3744 4070 4914 
v1761:3084 
v1762:3331 3940 4697 
v1763:4712 4722 
v1764:3838 
v1765:2605 4326 
v1766:3350 3351 4967 
v1767:2795 3543 4245 
v1768:1902 3270 
v1769:2634 
v1770:3027 3719 3806 4305 
v1771:1921 2665 3854 4805 4855 
v1772:1963 2302 3329 3908 
v1773:2594 2875 4520 
v1774:
v1775:4471 
v1776:3605 4173 
v1777:4132 4725 
v1778:
v1779:2312 2956 3392 3834 3898 4794 4913 
v1780:3301 4003 4234 
v1781:2751 2898 3345 4650 
v1782:1885 4294 4640 
v1783:2083 4639 
v1784:3403 4696 4905 
v1785:3233 4390 
v1786:1899 2108 3067 
v1787:1849 4865 
v1788:4045 4632 
v1789:2361 2808 3479 4109 4886 
v1790:2813 4036 
v1791:1953 2710 4510 
v1792:1945 2159 2246 3627 4518 
v1793:2538 2935 3621 4167 4806 
v1794:2772 
v1795:1802 2275 2908 3121 
v1796:2128 2445 3120 4606 
v1797:2866 3693 
v1798:3313 3339 3978 4499 
v1799:2194 4003 4402 4421 4898 
v1800:2016 2527 4246 4634 
v1801:3803 
v1802:2951 3070 4250 4535 4768 
v1803:2135 2717 3653 3796 
v1804:2167 4278 4829 
v1805:2763 3792 3796 
v1806:3634 4416 
v1807:3074 4752 4951 
v1808:1857 2870 3684 
v1809:3308 
v1810:2031 2204 4949 
v1811:2373 3137 
v1812:1818 2577 2746 3311 4663 
v1813:1940 2348 2512 2517 2855 3691 
v1814:3265 4016 4903 
v1815:1943 1978 2322 
v1816:3861 
v1817:2331 2531 2599 3942 4447 
v1818:2463 2677 3134 
v1819:2001 3140 3775 3869 
v1820:3092 4137 
v1821:2429 3153 3199 4417 4661 
v1822:2341 2858 3292 3388 
v1823:2654 3426 
v1824:2686 2969 3263 4199 
v1825:3037 4847 
v1826:2744 
v1827:2566 2733 3036 3151 4690 
v1828:2210 2216 3395 3706 4000 4089 4304 4510 
v1829:3725 4908 
v1830:1929 4135 4596 
v1831:2213 2269 3662 3676 4187 4391 4589 
v1832:3267 3330 3332 4442 4536 
v1833:2641 
v1834:2449 2877 2985 3475 
v1835:3089 3813 3872 
v1836:4366 
v1837:2418 2538 2656 3368 3884 
v1838:4668 
v1839:2281 3731 3981 4001 4238 
v1840:2829 4154 
v1841:2186 3108 3235 3647 4071 
v1842:2116 2640 4264 4782 
v1843:2904 3365 3912 4098 
v1844:3724 4338 
v1845:3902 4631 
v1846:2044 2737 3777 3822 3930 
v1847:2416 2997 3814 4103 4163 
v1848:2522 2618 3753 4052 4238 
v1849:2551 2629 2695 3618 4597 
v1850:3456 
v1851:2751 4758 
v1852:2646 2702 3227 
v1853:2085 2301 2958 4175 4869 
v1854:1941 2787 3795 4010 
v1855:4305 
v1856:2762 3292 3985 
v1857:4851 
v1858:2148 2274 3597 3988 4226 
v1859:3493 4563 
v1860:2149 2287 3332 3526 4456 4813 
v1861:3467 3546 3753 3958 
v1862:2438 2864 3015 3213 4466 
v1863:2878 3178 3841 4211 4665 4846 
v1864:3966 4199 
v1865:2836 
v1866:2025 4631 
v1867:2495 4754 
v1868:1887 2050 2922 3161 4527 4970 
v1869:1969 2481 2863 3700 4764 
v1870:3433 3488 3840 4651 
v1871:2992 3508 3969 
v1872:2450 4219 4394 
v1873:2065 3816 3947 4474 
v1874:2813 3123 4038 
v1875:2698 3068 3867 4284 4894 4913 
v1876:1899 3441 4098 4713 
v1877:1884 2278 2756 3518 
v1878:2325 
v1879:3140 3430 4404 4749 
v1880:2460 3022 3027 
v1881:4101 
v1882:2600 2835 4022 
v1883:2496 2538 3492 4988 
v1884:2389 2832 3595 
v1885:2129 2314 4050 
v1886:2807 3588 3594 
v1887:2699 3216 3231 
v1888:2556 3349 4621 
v1889:2376 3613 
v1890:1992 3636 
v1891:2568 2665 3049 3759 4933 
v1892:2184 3104 3883 
v1893:2923 3086 4217 4412 4459 
v1894:2174 2435 2450 3572 4736 
v1895:4222 
v1896:3259 3831 4428 
v1897:2272 2724 2837 3200 4475 
v1898:3167 4364 
v1899:2096 2990 3848 4415 4637 
v1900:3340 3969 4455 
v1901:3613 3950 
v1902:3786 4753 
v1903:3248 3999 
v1904:3174 
v1905:2169 2676 3518 
v1906:1985 3252 3272 
v1907:2255 2446 4233 4637 
v1908:2864 3728 4681 
v1909:2365 2870 3243 
v1910:2279 2960 3293 3537 
v1911:2111 2608 4369 
v1912:4073 
v1913:
v1914:4574 
v1915:2583 2872 3574 4516 
v1916:1972 2677 
v1917:2264 2846 4203 
v1918:3824 4578 
v1919:1937 3347 3618 3630 3722 4343 
v1920:2448 3623 
v1921:3281 4160 
v1922:3823 
v1923:2288 2518 2627 
v1924:2242 2249 2253 2804 3264 4582 4972 
v1925:3185 3203 3532 
v1926:4498 4739 
v1927:
v1928:3213 3258 4588 
v1929:3460 3477 
v1930:3626 
v1931:2040 
v1932:2398 2570 2968 3582 
v1933:2797 3196 3329 
v1934:2188 3227 3924 
v1935:2429 2972 3748 3861 4886 
v1936:3052 3832 
v1937:4517 
v1938:2079 2953 3163 3557 4532 4709 
v1939:2383 2636 3301 3327 4015 4305 4995 
v1940:3313 3418 
v1941:2178 2198 2332 3395 4023 
v1942:2635 2795 3463 4207 4756 4799 
v1943:3796 4036 4674 4852 
v1944:2632 3185 3790 3806 
v1945:3695 4051 4053 4402 
v1946:2443 4610 
v1947:2107 3748 4044 
v1948:4134 4350 4468 
v1949:
v1950:
v1951:3891 4133 4191 
v1952:2842 3084 
v1953:2777 2904 3448 
v1954:2725 4595 
v1955:3015 3316 4412 4630 
v1956:2018 3505 3956 
v1957:2209 2465 2562 3006 3714 3745 
v1958:2718 2759 3940 
v1959:2864 4303 4355 4520 
v1960:4355 4380 4908 
v1961:1979 2213 2216 
v1962:1997 2165 3160 3206 3310 4264 
v1963:2216 3983 
v1964:2412 3836 3939 
v1965:2902 3781 
v1966:1983 4612 4965 
v1967:2722 
v1968:4912 
v1969:2146 2310 3724 3814 4749 
v1970:4065 
v1971:2069 3509 
v1972:2748 2983 3338 4196 
v1973:2680 2681 3655 4846 
v1974:3666 3815 4297 
v1975:2490 
v1976:2961 
v1977:2015 2556 2939 3808 4401 4701 
v1978:2565 3089 3375 3567 4417 
v1979:2807 4185 
v1980:3589 3639 4121 4209 
v1981:2526 3323 3779 
v1982:2167 2292 3062 4498 
v1983:2266 4307 4427 
v1984:2473 2721 3512 3930 4056 4260 4862 
v1985:2127 2575 3387 3794 4590 4925 
v1986:2642 3787 
v1987:3936 
v1988:3043 3316 4560 
v1989:2019 2255 3789 4386 
v1990:2788 4301 4763 4880 
v1991:2606 
v1992:2586 2675 4808 
v1993:
v1994:3179 
v1995:3519 4032 4535 
v1996:3077 
v1997:2082 3245 4259 4485 
v1998:3149 3262 3519 
v1999:2305 3681 
v2000:2590 
v2001:2891 3667 3705 
v2002:2007 2627 4217 4918 
v2003:2004 2418 2614 3055 3875 4822 4868 
v2004:2628 3146 3150 3152 3762 3776 4071 4115 4774 
v2005:2305 3014 3305 3420 4580 
v2006:2454 3162 3729 
v2007:2210 2421 
v2008:2165 3601 
v2009:4650 
v2010:
v2011:2074 4078 4361 
v2012:2061 2873 3016 3197 4744 
v2013:4654 
v2014:2808 2970 4596 
v2015:2069 2547 
v2016:2239 2687 3025 4195 
v2017:3955 
v2018:2791 4926 
v2019:2989 3009 4259 
v2020:4092 4381 4893 
v2021:2570 3388 
v2022:4322 4707 
v2023:2082 2283 3390 4922 
v2024:2377 2723 3358 3709 4617 
v2025:2480 3807 4470 
v2026:2086 3243 
v2027:2247 2739 4171 4218 
v2028:2077 3028 3889 
v2029:3259 3436 4943 
v2030:3039 
v2031:4457 
v2032:2277 2627 2806 4342 
v2033:
v2034:2817 4041 
v2035:2212 2701 4456 4746 4921 
v2036:2677 4237 
v2037:2826 3004 4940 4950 
v2038:2085 3182 4476 4561 4834 
v2039:
v2040:2626 3973 
v2041:3187 
v2042:2850 4018 
v2043:
v2044:2259 4962 
v2045:2209 2872 
v2046:3157 4927 
v2047:2312 3807 3808 4550 4945 
v2048:3548 4834 
v2049:2727 3724 
v2050:2338 
v2051:2129 3703 
v2052:4112 4354 
v2053:2369 2479 2539 2962 3646 3879 4907 4972 
v2054:2494 3067 3886 4190 4943 
v2055:2500 2846 3448 4130 4809 
v2056:2169 2647 3692 3802 4488 4710 
v2057:3362 3553 4332 4907 
v2058:2482 2926 4771 
v2059:2997 3584 4205 
v2060:2064 2672 3741 3765 4287 4512 4847 
v2061:2242 2533 3184 
v2062:2204 2295 4214 4408 4471 
v2063:2854 3245 
v2064:2240 2447 2955 
v2065:3380 4256 
v2066:3283 
v2067:2358 2730 4715 
v2068:2441 
v2069:2217 3879 
v2070:4780 
v2071:3330 4631 
v2072:2306 2875 3725 
v2073:2614 3193 3525 
v2074:2963 3311 3338 3727 4481 
v2075:2390 4796 
v2076:2097 2136 4731 
v2077:2444 3339 3828 4153 4267 4688 
v2078:3198 4071 4291 
v2079:2173 2506 2631 2927 3755 
v2080:3454 3467 3499 4709 
v2081:4997 
v2082:2238 2578 
v2083:2128 2208 3766 3923 
v2084:3439 4017 4193 4387 4495 
v2085:2349 2603 3866 4190 
v2086:2762 
v2087:2281 4643 
v2088:2452 3048 3844 4864 
v2089:3347 
v2090:2161 2299 3639 3753 
v2091:2406 2621 3755 3956 4165 4512 4657 
v2092:2151 2981 3290 3467 4222 4817 
v2093:2812 3755 
v2094:3511 4443 
v2095:2406 3886 
v2096:2532 4879 
v2097:2661 
v2098:2493 2623 3144 4836 
v2099:3662 3702 4011 
v2100:3531 3833 
v2101:2181 3342 3419 3463 4270 4752 
v2102:2441 
v2103:4006 
v2104:2110 2261 3070 3865 4240 
v2105:2456 2877 3050 
v2106:2502 3866 
v2107:2258 2266 2513 2730 3236 3752 4670 4770 4979 
v2108:2290 2984 3598 4713 4977 
v2109:3659 4094 4207 
v2110:2465 3495 4393 4714 
v2111:3009 4609 
v2112:3427 4005 4539 
v2113:2822 3656 
v2114:2728 2887 2957 4564 
v2115:2834 3663 
v2116:2809 2956 
v2117:2436 
v2118:2899 3198 3639 
v2119:2435 4642 
v2120:3421 4354 4438 4458 4604 4688 
v2121:3436 3947 4466 
v2122:2457 2475 3057 
v2123:3025 3817 4982 
v2124:3801 4987 
v2125:2434 2575 3869 
v2126:2316 4067 4719 
v2127:2331 2543 3018 3349 4830 
v2128:2921 3770 
v2129:2978 3006 3455 3840 
v2130:3832 4557 
v2131:2292 3154 3178 4538 4555 4764 
v2132:2206 2914 3009 4169 
v2133:3363 3758 4363 
v2134:2493 3314 4205 
v2135:2457 2463 3040 3462 4395 
v2136:2849 4174 4506 
v2137:3357 4804 4920 
v2138:4620 
v2139:3067 3270 4346 
v2140:3382 4258 4492 
v2141:3978 
v2142:4408 
v2143:4487 4512 4929 
v2144:4407 4449 4940 
v2145:2186 4618 
v2146:
v2147:2608 3112 3532 
v2148:2798 3058 3614 4238 
v2149:4328 
v2150:2990 3245 3608 3714 
v2151:2768 4244 4734 
v2152:4130 4261 
v2153:3120 3925 
v2154:4877 
v2155:2515 3625 3968 4250 
v2156:3257 4281 
v2157:2458 2728 4827 
v2158:3011 4193 4269 
v2159:
v2160:3274 3845 4197 4971 
v2161:3720 
v2162:2470 2499 3190 3414 4342 
v2163:2480 2876 3357 3443 
v2164:2247 2577 3221 4278 
v2165:4942 
v2166:3738 
v2167:2490 2997 4231 4796 4988 
v2168:2234 2294 3360 4147 4170 4329 4622 4682 4722 
v2169:4371 
v2170:
v2171:2430 2484 3356 
v2172:2695 3483 3816 4449 
v2173:2206 2334 2842 3965 4248 4318 4597 
v2174:2386 2551 2652 2673 3152 3404 
v2175:4256 4541 4550 
v2176:2435 2491 4449 
v2177:2557 2888 3358 4116 
v2178:2295 3475 
v2179:3708 4238 4550 
v2180:3095 3591 4089 4109 
v2181:2448 3438 3628 4115 
v2182:3427 
v2183:3286 3525 
v2184:2550 
v2185:
v2186:3233 3921 
v2187:2824 
v2188:3144 4485 4824 
v2189:3563 
v2190:2284 2505 4413 
v2191:2395 
v2192:2813 4152 4202 
v2193:2592 3355 3945 
v2194:2322 2994 4463 4961 
v2195:2544 3301 4124 
v2196:2201 3461 3465 4210 
v2197:3157 3372 3538 
v2198:2568 3553 4471 
v2199:
v2200:3081 3427 4715 4968 
v2201:2677 4206 
v2202:3621 4369 
v2203:3115 3833 3924 3959 
v2204:2880 3098 4958 
v2205:2321 2418 2475 3548 3662 4475 
v2206:
v2207:2752 4929 
v2208:2253 2782 
v2209:2945 4867 
v2210:3122 4553 
v2211:3177 3320 3541 4318 4778 
v2212:2471 3417 
v2213:2233 3107 3730 
v2214:2929 3944 
v2215:3655 3828 4276 4697 4881 
v2216:3202 3343 
v2217:2302 3931 
v2218:4440 4743 
v2219:3061 3872 4215 
v2220:3090 3424 
v2221:
v2222:4434 4945 
v2223:3030 3521 4176 
v2224:2304 2400 2891 3272 4530 4748 
v2225:3455 
v2226:3597 4249 
v2227:2278 2389 2999 3923 
v2228:2589 3417 3678 4872 
v2229:2434 
v2230:
v2231:
v2232:3576 3693 4135 
v2233:2559 3821 
v2234:3257 3997 
v2235:3700 
v2236:2910 4144 
v2237:3780 
v2238:2896 3393 3576 
v2239:2595 3846 
v2240:3386 
v2241:2847 3399 
v2242:2697 3399 4426 
v2243:2546 2577 3750 
v2244:2685 3098 
v2245:2706 
v2246:3230 3370 
v2247:2854 3734 4687 
v2248:3667 4220 
v2249:4133 4601 
v2250:
v2251:3382 
v2252:2992 3255 3300 4670 
v2253:2448 2950 3276 4073 4403 4576 
v2254:2668 3564 3956 4459 
v2255:4225 4980 
v2256:3467 3724 4046 
v2257:2316 3136 3461 3949 4232 4394 4661 4987 
v2258:4995 
v2259:3426 3572 3986 4529 4917 
v2260:3206 4581 4762 4997 
v2261:2818 3731 3809 4736 
v2262:2639 3858 4939 
v2263:2749 2981 3262 4201 4321 
v2264:2364 3488 3897 
v2265:
v2266:3535 4195 4232 4424 
v2267:3046 3693 4151 4759 4869 
v2268:4163 
v2269:2606 3349 4812 4841 4897 
v2270:3520 3759 4088 
v2271:4405 4968 
v2272:2910 
v2273:2788 2922 4086 4512 4744 4875 
v2274:3039 3119 4514 
v2275:2718 2974 
v2276:2705 3483 4387 
v2277:4125 4503 
v2278:2549 4835 4869 
v2279:2940 3155 4456 4581 
v2280:2333 2877 4528 4660 
v2281:2313 2807 3664 4091 4401 
v2282:2526 2977 3036 3104 4872 
v2283:3334 4026 4118 4168 4614 4623 4706 
v2284:2330 3779 4004 4403 4919 4933 
v2285:4163 
v2286:3190 
v2287:3048 
v2288:3177 3727 
v2289:3153 4217 
v2290:4713 
v2291:3602 3819 4163 
v2292:
v2293:2787 3963 
v2294:4121 
v2295:2438 3260 4858 
v2296:3611 3975 4199 
v2297:3514 3688 4750 
v2298:2404 
v2299:2524 3397 3498 
v2300:3031 3355 
v2301:3706 
v2302:2420 2937 3258 4263 4269 
v2303:4933 
v2304:4981 
v2305:
v2306:2644 2995 3162 4038 4068 4171 
v2307:2580 3154 3167 3297 4017 
v2308:2995 3223 3794 4028 4461 4900 4972 
v2309:2785 3764 3904 
v2310:3795 4289 4782 
v2311:3438 4257 
v2312:2334 
v2313:2464 2572 2602 
v2314:3655 
v2315:3495 
v2316:2967 3418 3678 3777 4171 
v2317:
v2318:2321 4766 
v2319:3519 4257 
v2320:2536 2844 
v2321:3505 3517 4022 4189 
v2322:2518 4468 
v2323:
v2324:4099 
v2325:3378 3557 4251 4901 
v2326:2543 2650 3166 3457 3982 
v2327:
v2328:2376 2487 4006 
v2329:2804 3998 4131 
v2330:2641 2706 2854 3847 4465 4736 4779 
v2331:4006 4103 4666 4922 
v2332:4434 4668 
v2333:2437 3561 
v2334:2557 2794 4293 4498 4965 
v2335:2816 3164 3531 4778 4877 
v2336:2910 3192 3577 3711 4812 
v2337:
v2338:
v2339:4007 
v2340:2782 2916 
v2341:2567 4469 
v2342:4855 
v2343:2432 2517 2669 3409 3854 4710 
v2344:2583 3573 
v2345:3543 4652 
v2346:2447 2898 2916 2931 4435 4473 
v2347:2672 2906 4280 4680 4988 
v2348:2452 2841 3539 3600 3670 
v2349:3314 4596 
v2350:2759 2931 3525 4374 
v2351:3981 
v2352:3157 
v2353:2498 3802 
v2354:2459 2508 2589 3534 3826 4045 4309 4585 
v2355:
v2356:
v2357:2401 3316 3962 
v2358:2825 3913 3978 4697 4897 
v2359:2721 3692 4337 
v2360:2697 3465 
v2361:2519 3033 3820 
v2362:2678 3338 
v2363:2807 4961 
v2364:
v2365:2429 2714 3150 4706 
v2366:2575 2778 3160 
v2367:2473 3949 4266 4575 
v2368:2633 3843 4743 
v2369:2632 2687 3327 
v2370:3206 3251 4014 
v2371:2858 4849 
v2372:
v2373:4160 4378 
v2374:3666 3790 4905 
v2375:3569 4370 4654 
v2376:
v2377:2853 3455 3680 4517 
v2378:3059 3385 3565 4494 
v2379:2517 3270 3344 3886 
v2380:2472 3486 4282 
v2381:
v2382:4315 
v2383:4158 
v2384:2448 2471 
v2385:3241 4144 
v2386:2685 4238 4498 
v2387:2888 3245 3744 3853 4673 4772 
v2388:4329 4340 
v2389:2989 3485 3701 4541 
v2390:4352 4606 4729 
v2391:2786 3658 4511 
v2392:2981 3764 4832 
v2393:2628 
v2394:2497 3041 4107 4794 
v2395:2513 3153 3809 4222 
v2396:2399 2924 4635 
v2397:2705 4742 
v2398:4513 
v2399:
v2400:3728 4478 4492 
v2401:2643 2691 2990 4085 4235 4252 4718 
v2402:3830 
v2403:
v2404:2733 3177 
v2405:3376 3408 4161 
v2406:2422 2723 3843 3881 4426 4875 
v2407:3880 4567 
v2408:3557 3688 4161 4869 
v2409:3547 4212 4396 4481 
v2410:4612 
v2411:3578 3747 4296 4671 
v2412:
v2413:2982 3139 3518 
v2414:
v2415:3210 3511 4436 4692 4878 
v2416:
v2417:2796 3726 4573 
v2418:2724 
v2419:4025 
v2420:2938 3561 4068 
v2421:2690 3305 3985 4640 
v2422:2498 4470 
v2423:3537 3834 4072 
v2424:2976 4019 4531 4704 
v2425:2635 2682 2872 3436 4579 
v2426:3604 3957 4547 
v2427:2797 3847 4031 4700 4999 
v2428:3267 3416 3838 4875 
v2429:2701 2867 4624 4762 
v2430:2878 3741 4573 
v2431:3014 4355 
v2432:2634 3130 4247 
v2433:2496 3216 
v2434:3376 
v2435:3326 4691 
v2436:3052 4214 
v2437:
v2438:3122 
v2439:2883 3630 3999 4725 
v2440:3716 4407 4715 
v2441:4149 4336 4344 
v2442:3526 4596 
v2443:2475 2684 
v2444:2991 
v2445:2565 3928 4410 
v2446:2548 4119 
v2447:3958 4093 4794 
v2448:2695 3082 
v2449:2968 3332 4796 
v2450:4444 4486 4544 
v2451:4098 
v2452:3112 4128 
v2453:2727 4330 
v2454:
v2455:3297 4789 
v2456:3983 4286 
v2457:2596 2702 
v2458:2994 3098 3851 
v2459:3653 4325 
v2460:3064 
v2461:3590 3738 4367 
v2462:3420 
v2463:
v2464:3195 3620 3887 
v2465:2741 
v2466:2687 2960 3697 
v2467:3171 4337 
v2468:2688 4895 
v2469:3099 4817 
v2470:3390 4524 
v2471:4412 
v2472:2988 3342 4681 
v2473:2521 2726 4238 4292 
v2474:3327 3770 3919 4385 
v2475:2832 4204 4346 4644 4893 
v2476:4683 
v2477:4761 
v2478:2716 3140 3199 3396 4143 4458 
v2479:2521 2618 3028 3472 4863 
v2480:3203 3323 3947 
v2481:3470 3554 4115 
v2482:2959 3211 3339 3608 4240 
v2483:3919 4153 4493 
v2484:3985 4453 4928 
v2485:3248 3788 4224 
v2486:4649 
v2487:4078 4587 
v2488:3431 
v2489:2598 2760 3811 
v2490:4811 
v2491:2849 3578 3994 4603 
v2492:3070 3164 
v2493:3512 
v2494:3942 4576 
v2495:2830 4561 
v2496:4706 
v2497:2771 2944 3271 3708 4506 
v2498:
v2499:3271 4624 
v2500:2782 
v2501:3745 
v2502:4609 4725 
v2503:3257 3264 4709 
v2504:2881 3107 3783 3988 4485 
v2505:3086 4167 
v2506:3939 
v2507:2570 3474 
v2508:3449 4843 
v2509:2879 3547 4211 
v2510:4763 4864 
v2511:3856 3909 4388 4683 4904 
v2512:3055 3464 4033 
v2513:2553 3068 3327 4502 4521 
v2514:2926 3898 
v2515:2702 2932 3949 4206 4308 
v2516:3603 4262 
v2517:3052 4133 
v2518:2811 2875 3506 4064 
v2519:2628 3881 4348 4954 
v2520:
v2521:3850 4154 4718 4802 
v2522:4502 4921 
v2523:2972 3704 
v2524:3833 4212 4283 4468 
v2525:2972 4222 4741 4974 
v2526:3522 
v2527:2801 
v2528:4452 
v2529:4177 
v2530:2792 3041 3081 3927 4529 
v2531:4456 4754 
v2532:3557 3786 4607 
v2533:3905 4532 4653 
v2534:2757 3316 
v2535:3513 3619 
v2536:3570 3601 4009 4689 
v2537:4425 
v2538:2784 4140 
v2539:2988 3369 
v2540:4421 4459 
v2541:3161 3301 3591 
v2542:2771 
v2543:3237 
v2544:2680 3688 4105 4876 
v2545:3339 4156 4486 4603 
v2546:4422 4476 
v2547:3189 3284 3315 
v2548:2635 2959 3937 4683 4721 4852 
v2549:3104 3264 
v2550:3305 3965 
v2551:4098 4233 4671 
v2552:2808 
v2553:2886 3263 3333 3938 
v2554:3266 3498 4896 
v2555:3059 3304 4859 
v2556:2840 
v2557:4043 4426 4442 
v2558:
v2559:4673 
v2560:4896 
v2561:2563 2952 3079 4692 
v2562:2568 2681 3226 4016 
v2563:2681 4320 4756 
v2564:2700 2793 3140 3540 3551 4713 4933 
v2565:
v2566:3505 
v2567:3123 3276 3438 
v2568:2669 4257 4658 
v2569:4687 
v2570:2687 3545 4085 4132 4665 
v2571:2761 3238 3812 3953 4992 
v2572:2956 3443 4914 4926 
v2573:4819 
v2574:3129 
v2575:3575 3605 3818 3855 
v2576:2622 3360 4179 4269 
v2577:
v2578:3445 
v2579:2758 
v2580:2647 3531 3589 4434 4876 4884 
v2581:2922 
v2582:2650 3061 3332 4400 4479 
v2583:2846 3610 3811 3998 4321 
v2584:2860 3133 3509 4854 
v2585:3557 4041 
v2586:3331 
v2587:2993 3346 
v2588:3320 3833 4766 
v2589:4686 4949 4968 
v2590:3228 4077 4200 4588 
v2591:2769 3960 4155 
v2592:3280 
v2593:3339 3875 4842 4861 
v2594:3859 4291 4883 
v2595:
v2596:3042 3481 3731 3743 3839 4120 
v2597:2923 3424 3821 3936 
v2598:2861 
v2599:2928 3249 4968 
v2600:3043 3444 
v2601:3617 4043 4465 4690 
v2602:4037 
v2603:4212 4913 
v2604:2857 4484 4775 4898 
v2605:2791 2792 3568 3652 4676 
v2606:2773 3625 3913 
v2607:3507 3705 4475 
v2608:4356 
v2609:3627 3913 4303 4343 4589 
v2610:3354 
v2611:3920 
v2612:2798 
v2613:3678 4233 
v2614:3042 
v2615:3112 3989 4866 4896 
v2616:4118 4883 
v2617:3559 3629 3922 4505 4681 
v2618:
v2619:2854 3183 4229 4578 
v2620:2779 2931 
v2621:2788 2825 4953 
v2622:2959 2968 4820 
v2623:2961 3560 3569 4116 
v2624:3549 3575 3622 4857 
v2625:3356 
v2626:3341 
v2627:3005 3238 4228 
v2628:3764 4273 
v2629:2993 3193 3744 
v2630:2725 3389 3525 
v2631:3209 4435 
v2632:3966 4719 
v2633:2744 4974 
v2634:2663 3548 3988 4220 4595 
v2635:2952 3851 
v2636:3288 3471 3878 3905 
v2637:3609 3842 4146 
v2638:3516 
v2639:4217 
v2640:2716 3056 4015 4360 4361 4728 
v2641:3594 3977 4189 4860 4999 
v2642:3282 3304 3877 3931 4248 
v2643:3299 4535 4840 4901 
v2644:3111 3657 4022 
v2645:3810 
v2646:3041 3623 
v2647:3074 3254 4194 4528 4660 4840 
v2648:3051 
v2649:3045 3711 4084 
v2650:2938 3471 3487 4203 
v2651:2785 3000 3707 4158 4611 
v2652:3259 3368 4409 
v2653:
v2654:3260 3829 4746 
v2655:3018 3192 3217 
v2656:3202 3675 3982 4916 
v2657:3017 3760 3972 4188 4525 
v2658:2816 4119 
v2659:4425 
v2660:3169 3673 
v2661:3599 4285 4917 
v2662:4140 
v2663:3766 4556 
v2664:3976 
v2665:
v2666:3025 3410 4465 
v2667:
v2668:3776 4413 4612 
v2669:4147 4794 4840 
v2670:3740 3856 
v2671:3400 4011 4410 
v2672:3400 3862 4583 4868 
v2673:2787 3427 4491 
v2674:
v2675:3750 4655 
v2676:3177 3386 4831 
v2677:3214 4275 4484 
v2678:4027 
v2679:3803 4727 4739 
v2680:4539 
v2681:3456 3957 
v2682:4253 4561 
v2683:3675 4152 4536 
v2684:2970 3438 4773 
v2685:2812 3032 3119 
v2686:2757 
v2687:2753 2818 2968 
v2688:2782 3209 3908 
v2689:
v2690:3385 4923 
v2691:2956 4649 
v2692:2902 3445 
v2693:3358 3793 
v2694:3064 
v2695:3596 3760 
v2696:4660 
v2697:
v2698:
v2699:
v2700:4634 
v2701:4070 4220 4887 
v2702:4119 4718 
v2703:3976 4008 4892 
v2704:2727 4447 
v2705:2800 3843 4094 
v2706:3289 4034 4444 4494 
v2707:4727 4946 
v2708:3515 
v2709:2928 
v2710:3580 4536 4865 
v2711:3950 
v2712:2746 4277 
v2713:3205 3400 3793 4150 
v2714:3184 3233 3578 
v2715:3720 3847 
v2716:4644 
v2717:
v2718:3720 4182 4413 
v2719:3128 3773 
v2720:2820 3160 3814 4507 4936 
v2721:2781 3784 3854 4028 
v2722:2864 4673 4690 4794 
v2723:3456 3504 
v2724:
v2725:
v2726:4638 4639 4734 
v2727:
v2728:4426 
v2729:2755 3454 
v2730:3288 4082 4321 4323 
v2731:3469 4563 
v2732:3592 3626 4400 
v2733:
v2734:2739 3236 4529 4925 
v2735:3048 4049 
v2736:3498 4953 
v2737:2973 
v2738:3300 4659 
v2739:3005 3339 3990 4825 
v2740:2896 
v2741:3083 
v2742:4196 4199 
v2743:2943 3599 4222 
v2744:3324 
v2745:4035 4468 4964 
v2746:4601 4699 4930 
v2747:3211 3392 3880 4270 4700 4851 
v2748:3890 
v2749:4344 
v2750:3109 4315 
v2751:2966 3757 4008 4746 
v2752:
v2753:4946 
v2754:2860 3832 4255 
v2755:2761 3058 4110 4725 
v2756:2886 4053 4147 
v2757:3183 3741 
v2758:3175 3645 4820 
v2759:3517 4562 4766 
v2760:3527 4194 4609 
v2761:2804 2949 3217 
v2762:
v2763:2789 4105 4291 4409 4883 
v2764:4420 4927 
v2765:3064 3538 4195 4249 
v2766:4891 
v2767:2819 3551 3751 4146 4324 
v2768:2837 4518 
v2769:4089 4144 
v2770:3809 3944 4235 
v2771:
v2772:4720 
v2773:
v2774:3115 3127 3182 4724 
v2775:3410 3779 
v2776:3179 3454 3685 3754 3885 4601 4725 
v2777:3643 4679 4938 
v2778:3137 4717 
v2779:
v2780:3000 3332 3594 4489 4725 4912 
v2781:4897 
v2782:3814 
v2783:4355 
v2784:3242 3851 
v2785:4877 
v2786:3455 4935 
v2787:2801 
v2788:2831 3189 
v2789:3845 
v2790:3209 3221 3485 4494 
v2791:3692 3774 4970 
v2792:2929 3076 3603 3905 4815 
v2793:3444 3581 4063 
v2794:3490 3853 
v2795:
v2796:3041 4097 4380 4641 
v2797:4398 4939 
v2798:2835 4023 
v2799:3625 4197 4209 4786 
v2800:3426 4955 
v2801:3200 3493 4137 
v2802:2949 3431 
v2803:3102 3355 
v2804:4085 
v2805:3158 3685 
v2806:2846 3775 4869 
v2807:3702 3935 3979 4584 
v2808:3249 4069 4468 
v2809:2856 2886 3790 4981 
v2810:4494 4963 
v2811:2942 3248 4425 
v2812:
v2813:3234 3296 3348 4391 4434 4834 
v2814:
v2815:2968 
v2816:2873 2991 3339 4704 4711 
v2817:3136 3215 3957 4536 
v2818:2924 4091 
v2819:3948 
v2820:3602 4616 4648 
v2821:3153 
v2822:2838 3704 3715 
v2823:3926 4135 4228 
v2824:3669 
v2825:3888 
v2826:
v2827:3398 4563 
v2828:
v2829:4115 
v2830:3727 3774 4865 
v2831:
v2832:2856 3071 3601 
v2833:2921 4045 
v2834:3041 
v2835:3023 3336 3798 
v2836:4160 4618 4944 
v2837:2924 
v2838:4233 
v2839:4356 4465 
v2840:4322 4706 4818 
v2841:2852 3249 3381 4105 4190 4925 
v2842:3334 4379 4624 
v2843:3617 4032 4451 
v2844:
v2845:4226 4748 4792 
v2846:4048 
v2847:
v2848:3187 4384 4625 
v2849:2892 3390 3726 3860 
v2850:3278 3978 3997 
v2851:2888 3383 4081 4964 
v2852:3336 3512 
v2853:3538 3590 3788 
v2854:4156 4693 4930 
v2855:4436 4515 
v2856:4309 4820 4866 
v2857:3268 3368 4857 
v2858:3038 4136 4500 
v2859:2998 3221 
v2860:3219 3246 
v2861:2988 4719 
v2862:3326 4077 4284 
v2863:3728 4817 
v2864:3585 4970 
v2865:2938 4454 
v2866:4535 
v2867:3065 3136 
v2868:3054 3505 4496 4929 4979 
v2869:4374 
v2870:3153 4637 
v2871:2887 3075 
v2872:4213 
v2873:3691 
v2874:2905 3081 3115 
v2875:
v2876:3747 3821 
v2877:3849 
v2878:4084 4775 
v2879:3263 4065 
v2880:4842 
v2881:3097 3550 4561 4788 
v2882:3588 3961 
v2883:3453 3906 4109 
v2884:2891 4918 
v2885:3310 3490 4466 
v2886:3420 
v2887:3016 4011 4069 
v2888:4011 4238 
v2889:2890 
v2890:3302 
v2891:2892 4181 4313 
v2892:2952 3040 3961 
v2893:3061 3476 4169 
v2894:3542 
v2895:
v2896:3483 4305 4759 
v2897:2919 4028 4780 
v2898:3260 4289 4628 
v2899:3984 4551 4614 4622 
v2900:3748 4267 
v2901:3266 
v2902:4874 
v2903:3312 3736 4006 4280 
v2904:3627 
v2905:3382 4075 4324 4897 
v2906:2937 4584 4780 4864 
v2907:2986 3218 4053 4405 
v2908:3255 
v2909:3325 3448 4499 
v2910:3580 
v2911:3293 3422 3628 4596 4927 
v2912:3181 3841 4486 
v2913:4250 
v2914:3431 
v2915:3879 4172 4933 
v2916:4209 
v2917:4563 
v2918:4891 
v2919:2922 4097 
v2920:4374 4426 4725 4938 
v2921:4227 4481 4958 
v2922:4258 4706 
v2923:4052 4983 
v2924:3761 4488 
v2925:4144 
v2926:3460 3605 4419 4663 
v2927:4535 4636 
v2928:
v2929:4206 4210 4803 
v2930:
v2931:
v2932:
v2933:3223 3282 3418 3451 3786 3794 3969 4435 
v2934:4057 4196 
v2935:3170 3615 3755 
v2936:4324 4413 
v2937:
v2938:
v2939:3092 
v2940:3164 
v2941:3273 4709 
v2942:3089 3276 3584 
v2943:3638 4493 4875 
v2944:4327 4910 
v2945:3193 4053 4629 
v2946:3390 
v2947:3071 
v2948:3247 3631 4599 4931 
v2949:3512 3738 3933 
v2950:3861 
v2951:3116 3487 
v2952:
v2953:3617 3841 4336 4926 
v2954:3594 4673 
v2955:3043 3203 
v2956:4608 
v2957:
v2958:3017 4100 
v2959:3512 3701 4545 4618 
v2960:3258 3268 4067 
v2961:
v2962:3001 3075 4194 
v2963:3505 4366 4818 
v2964:4004 4176 
v2965:3693 4050 4415 
v2966:3217 3675 4506 4711 
v2967:3113 4406 
v2968:3488 4658 
v2969:4781 
v2970:3888 3975 4483 
v2971:3750 4435 
v2972:4574 
v2973:3099 4184 
v2974:4515 
v2975:3457 3953 4027 4393 
v2976:3508 4042 
v2977:4491 
v2978:3453 
v2979:3477 
v2980:3874 3974 4233 4745 4906 
v2981:3086 4810 
v2982:3701 4576 
v2983:3107 3347 3452 3660 3883 4026 
v2984:4200 
v2985:3636 
v2986:3297 4233 4833 
v2987:3645 4668 
v2988:
v2989:4069 
v2990:4197 
v2991:4171 4325 4843 
v2992:4046 4102 4465 4770 
v2993:4241 
v2994:4897 
v2995:3042 
v2996:3067 
v2997:4758 4987 
v2998:4032 
v2999:4438 
v3000:3774 
v3001:3570 3659 4077 
v3002:3344 4115 4367 
v3003:4985 
v3004:4273 4636 
v3005:3140 4425 4479 
v3006:
v3007:3945 4364 
v3008:4877 
v3009:
v3010:3031 3591 3737 3871 4638 
v3011:3384 3837 3898 
v3012:3806 
v3013:3328 
v3014:3159 3390 3698 4832 
v3015:4317 
v3016:3030 
v3017:4640 4887 
v3018:3058 3318 3333 3826 4714 
v3019:4535 4868 
v3020:
v3021:3513 
v3022:4613 4761 
v3023:3766 3773 
v3024:3837 4198 
v3025:3120 3428 4524 
v3026:3831 4690 
v3027:4771 
v3028:3138 3371 
v3029:3263 3503 
v3030:4813 
v3031:3586 4097 
v3032:3262 4154 
v3033:4298 
v3034:3113 
v3035:3172 3913 4371 4692 
v3036:4403 4583 4898 
v3037:3263 4912 
v3038:3214 
v3039:3145 3174 
v3040:3084 3802 4387 
v3041:
v3042:
v3043:4760 
v3044:4992 
v3045:3582 
v3046:3598 3899 
v3047:
v3048:
v3049:4111 
v3050:4500 
v3051:3320 3534 4840 
v3052:3495 3506 
v3053:3338 3613 4009 
v3054:3939 
v3055:3673 
v3056:3108 3207 3557 3714 4010 4270 
v3057:4062 
v3058:3366 
v3059:
v3060:3370 
v3061:4216 
v3062:4104 
v3063:3129 4098 
v3064:3660 4599 
v3065:3516 3994 4502 4537 
v3066:4010 4060 4679 
v3067:4010 
v3068:
v3069:4309 4456 4746 
v3070:4010 
v3071:4423 
v3072:3766 4402 
v3073:3445 4636 4986 
v3074:
v3075:3328 3573 3612 4502 4665 
v3076:3158 3159 
v3077:
v3078:3220 3569 
v3079:
v3080:3189 3591 3938 
v3081:3633 4733 
v3082:
v3083:4110 
v3084:3488 3889 4459 
v3085:3203 3486 3555 4189 4644 
v3086:4859 4987 
v3087:
v3088:3476 4406 
v3089:3563 
v3090:
v3091:
v3092:3479 
v3093:3098 3783 4641 
v3094:3155 3334 3811 3976 
v3095:3165 3202 3210 3409 
v3096:3728 3832 4833 
v3097:3939 4299 
v3098:3503 3792 4477 
v3099:
v3100:4753 4864 
v3101:4451 4502 4737 
v3102:3304 3713 
v3103:
v3104:3156 
v3105:3730 3909 4221 
v3106:3744 4599 
v3107:3915 3922 
v3108:3982 4368 
v3109:4847 
v3110:3375 3559 3782 
v3111:3693 
v3112:3358 4151 4506 4921 
v3113:3144 
v3114:3160 
v3115:4956 
v3116:4709 4716 4765 
v3117:3136 4461 4466 
v3118:4465 
v3119:3615 
v3120:
v3121:3217 3325 3711 3839 
v3122:3856 4666 
v3123:3685 
v3124:4649 
v3125:4547 
v3126:3370 
v3127:3342 4119 
v3128:
v3129:4780 
v3130:3780 4701 
v3131:3279 
v3132:3534 4682 4738 
v3133:3559 3661 4316 
v3134:
v3135:4257 
v3136:3641 4232 
v3137:3951 4277 4666 
v3138:3568 
v3139:
v3140:4337 
v3141:3962 4763 
v3142:
v3143:
v3144:
v3145:3629 
v3146:4048 4152 
v3147:4967 
v3148:3198 3460 3491 3785 4164 4925 
v3149:3710 
v3150:4142 4884 
v3151:3526 3840 
v3152:3662 4206 
v3153:4508 
v3154:3590 4769 
v3155:3506 4851 
v3156:4685 
v3157:3398 4097 4364 4544 
v3158:3810 4164 
v3159:
v3160:3677 4367 4930 
v3161:3478 4605 
v3162:3349 3521 3637 
v3163:
v3164:4930 
v3165:3313 3545 
v3166:3390 3642 3866 4582 
v3167:3483 3859 4127 4292 4864 
v3168:3953 4469 
v3169:3903 
v3170:3563 4288 4371 4430 
v3171:
v3172:3765 
v3173:3331 3802 4566 4660 4725 
v3174:4941 
v3175:3807 4221 4659 4745 
v3176:4125 4320 
v3177:3355 4365 
v3178:3284 3461 4019 
v3179:4074 4298 4893 
v3180:3604 3625 4914 
v3181:3217 4621 
v3182:3376 4686 
v3183:3821 4282 
v3184:3981 4789 4836 
v3185:4472 
v3186:
v3187:4155 
v3188:3336 3733 
v3189:
v3190:3648 4598 
v3191:4554 4714 4781 
v3192:4090 4511 4570 4851 
v3193:3386 4465 
v3194:
v3195:3813 
v3196:3379 
v3197:4365 
v3198:3590 3594 3685 
v3199:3538 3745 4287 
v3200:3466 
v3201:3820 
v3202:3255 4392 4900 
v3203:3327 3766 
v3204:3217 3364 3810 4982 
v3205:3910 4073 4103 4111 
v3206:3762 4801 4992 
v3207:
v3208:3280 4256 
v3209:3269 3755 3903 
v3210:3689 4401 4418 
v3211:3378 
v3212:3225 3432 
v3213:3458 3636 4028 4116 
v3214:3703 4434 4696 4965 
v3215:3250 
v3216:3268 3383 3459 3501 4137 4425 4784 
v3217:4683 
v3218:3554 
v3219:3493 4478 4950 4974 
v3220:3792 
v3221:4021 4024 
v3222:3776 3850 4032 4916 
v3223:
v3224:3861 4616 4644 4976 
v3225:
v3226:3364 4325 4910 4985 
v3227:3389 
v3228:3962 4185 4967 
v3229:3914 3983 4758 
v3230:4143 4234 
v3231:4239 
v3232:4195 4316 
v3233:4676 
v3234:4458 
v3235:3561 4474 4860 
v3236:3341 
v3237:3912 
v3238:3822 4723 4903 
v3239:3322 3810 4675 
v3240:4819 
v3241:4426 4456 
v3242:3521 3834 4139 
v3243:
v3244:3660 3724 3995 
v3245:3583 3807 3859 3928 
v3246:
v3247:3255 4603 4870 
v3248:4496 4499 
v3249:3403 
v3250:
v3251:4012 
v3252:4020 
v3253:4263 4726 4765 
v3254:4156 
v3255:4533 
v3256:4929 
v3257:3535 
v3258:3777 4538 
v3259:3804 4061 
v3260:3450 4371 4712 
v3261:3308 
v3262:3620 3796 4812 
v3263:4277 4563 
v3264:
v3265:4537 
v3266:4133 4310 4758 
v3267:3565 4766 4935 4973 
v3268:3515 3678 
v3269:4268 
v3270:3415 
v3271:4492 4906 
v3272:3300 3752 4249 
v3273:4073 4838 
v3274:3434 4447 4459 
v3275:
v3276:3592 4036 
v3277:3329 3361 4025 
v3278:4312 4974 
v3279:4066 4475 4615 4709 
v3280:4875 
v3281:
v3282:4255 4638 
v3283:
v3284:3340 4152 4382 4586 
v3285:3485 4605 
v3286:3786 4580 4948 
v3287:
v3288:
v3289:3588 4876 
v3290:3687 3717 3952 4636 
v3291:
v3292:
v3293:3705 
v3294:4106 4616 
v3295:
v3296:3356 3421 4829 
v3297:4390 4950 
v3298:
v3299:4133 4168 4471 
v3300:4360 4903 4961 
v3301:3398 4049 
v3302:3644 
v3303:3669 
v3304:3961 3995 4402 4475 
v3305:
v3306:
v3307:3983 4291 
v3308:4917 
v3309:3527 4766 
v3310:3649 4309 4738 4761 4920 
v3311:
v3312:3447 4938 
v3313:3404 
v3314:
v3315:4946 
v3316:4038 4114 
v3317:3966 4761 
v3318:4208 
v3319:3617 4460 4551 
v3320:
v3321:4757 
v3322:4327 4407 4642 
v3323:4909 
v3324:4624 4947 
v3325:3345 3629 
v3326:3595 4544 4736 
v3327:3724 4093 
v3328:3504 
v3329:3468 4928 4933 
v3330:4181 
v3331:
v3332:4225 4458 4799 
v3333:3375 
v3334:3338 4597 4941 
v3335:3366 
v3336:3559 3666 3884 4697 
v3337:3526 3695 
v3338:3533 
v3339:4178 4400 
v3340:
v3341:
v3342:4319 4827 
v3343:4397 
v3344:3447 3684 
v3345:
v3346:4783 4898 4959 
v3347:
v3348:
v3349:3655 4374 
v3350:3548 
v3351:4260 4448 
v3352:4130 
v3353:3933 4190 4543 4687 
v3354:4132 4399 4790 
v3355:3798 4091 
v3356:3600 
v3357:
v3358:3750 4490 4947 
v3359:4948 
v3360:
v3361:4024 
v3362:3439 4226 4361 
v3363:3981 
v3364:4407 4545 4604 
v3365:
v3366:
v3367:3438 
v3368:3503 3632 
v3369:4137 4353 4541 
v3370:3485 4296 
v3371:3378 
v3372:4264 4423 
v3373:3666 3682 
v3374:3635 3865 4495 4551 
v3375:4146 4967 
v3376:3675 4162 4658 
v3377:3408 4292 4497 
v3378:3455 4917 
v3379:3601 3720 4947 
v3380:3853 4168 4971 
v3381:
v3382:3397 4180 
v3383:4980 
v3384:3499 4661 
v3385:3403 3754 4099 
v3386:
v3387:
v3388:3782 
v3389:
v3390:3759 4411 4421 4636 4967 
v3391:3644 4443 
v3392:4656 
v3393:4125 
v3394:3636 4216 4433 4781 
v3395:3884 4268 4505 4718 
v3396:4591 4666 
v3397:3462 4705 
v3398:4397 4808 
v3399:4299 4953 
v3400:4364 4748 4901 
v3401:3941 4630 4646 
v3402:3894 
v3403:3888 4467 4790 
v3404:3698 
v3405:4210 
v3406:3729 4088 4461 
v3407:4991 
v3408:3453 3882 4350 
v3409:3488 3561 
v3410:3698 
v3411:3585 3617 3659 4400 4498 
v3412:4271 4579 
v3413:3430 3952 4907 
v3414:4007 
v3415:3615 
v3416:3936 4085 
v3417:
v3418:
v3419:3876 
v3420:3751 4695 4716 4869 
v3421:3689 3700 4665 4955 
v3422:3824 
v3423:3536 4279 4343 
v3424:3579 3896 4155 4828 
v3425:4045 
v3426:4833 
v3427:3655 4049 
v3428:3577 3894 4252 4273 4309 
v3429:4797 
v3430:3825 3926 4082 4239 4321 
v3431:
v3432:4186 
v3433:4505 4800 
v3434:4021 4508 4776 
v3435:3605 4184 4806 
v3436:
v3437:3574 
v3438:3467 3735 4344 
v3439:3609 
v3440:4084 
v3441:
v3442:3443 3907 
v3443:
v3444:4093 
v3445:
v3446:4129 
v3447:
v3448:3962 
v3449:4024 4826 
v3450:3902 3947 
v3451:3516 4815 4851 4900 
v3452:4571 4771 4941 
v3453:4390 
v3454:3717 3867 4140 
v3455:3518 4031 
v3456:4330 
v3457:3513 3859 3932 4880 
v3458:4178 
v3459:4080 
v3460:3538 4347 
v3461:3576 4643 
v3462:
v3463:4143 
v3464:4270 
v3465:
v3466:3774 3849 4336 
v3467:3540 4124 
v3468:
v3469:3582 3776 4913 
v3470:3675 4797 
v3471:
v3472:4007 4624 
v3473:3544 3855 3872 4132 4711 
v3474:3704 4621 4676 
v3475:4013 4493 
v3476:
v3477:3528 
v3478:4642 
v3479:3685 3796 3875 4797 
v3480:3912 
v3481:4028 4442 
v3482:
v3483:3868 4456 
v3484:4666 
v3485:
v3486:3624 4530 
v3487:
v3488:4005 4635 
v3489:
v3490:3670 4560 4670 4831 
v3491:4195 
v3492:3560 4187 
v3493:4003 4472 
v3494:
v3495:4908 
v3496:3669 3817 
v3497:4756 
v3498:3511 4568 
v3499:
v3500:3834 
v3501:4114 
v3502:3590 3787 
v3503:3832 
v3504:
v3505:4991 
v3506:4144 4734 4875 4963 
v3507:
v3508:
v3509:4975 
v3510:3680 3997 4208 4342 
v3511:3856 4089 
v3512:
v3513:3529 4016 
v3514:
v3515:4952 
v3516:3639 3704 
v3517:3840 4733 
v3518:4396 4630 4739 
v3519:
v3520:
v3521:
v3522:4402 
v3523:3968 
v3524:4712 4777 
v3525:
v3526:4746 
v3527:
v3528:4746 
v3529:4052 
v3530:4555 4932 
v3531:3916 4299 
v3532:3910 4510 
v3533:3983 4050 
v3534:4843 
v3535:3699 
v3536:
v3537:
v3538:
v3539:4971 
v3540:3623 
v3541:4018 4479 4497 
v3542:
v3543:4413 4993 
v3544:3835 4225 4371 4976 4990 
v3545:4319 4721 
v3546:3617 3780 4002 4146 4383 
v3547:4018 
v3548:4471 4770 
v3549:3815 
v3550:3912 4686 
v3551:3580 3713 
v3552:3756 
v3553:3559 4871 
v3554:4691 
v3555:4524 
v3556:4450 
v3557:3949 4616 4805 
v3558:
v3559:3938 
v3560:3820 3962 4420 
v3561:4596 
v3562:
v3563:
v3564:4188 4314 
v3565:
v3566:
v3567:4608 4722 
v3568:3988 
v3569:3737 4505 4613 
v3570:4014 4123 
v3571:4139 
v3572:
v3573:4476 
v3574:4260 4963 
v3575:3833 4010 
v3576:4287 
v3577:4025 
v3578:3759 
v3579:3619 3865 4794 
v3580:4283 4662 
v3581:
v3582:4074 4152 4533 
v3583:
v3584:4605 
v3585:3969 4553 
v3586:
v3587:3632 4034 4810 
v3588:4718 
v3589:
v3590:
v3591:3632 4003 4928 
v3592:4276 4593 4632 4756 
v3593:3771 4153 
v3594:4265 4321 
v3595:3922 
v3596:4347 
v3597:4592 4696 
v3598:
v3599:
v3600:4770 
v3601:3866 
v3602:3653 3860 4243 4803 
v3603:
v3604:
v3605:3800 
v3606:4264 4777 4887 4943 
v3607:4509 
v3608:
v3609:3934 4003 
v3610:
v3611:4753 
v3612:4280 
v3613:4509 
v3614:
v3615:
v3616:4906 
v3617:
v3618:4092 4289 
v3619:4080 
v3620:
v3621:3808 
v3622:4077 
v3623:4847 
v3624:3709 4818 
v3625:4013 
v3626:3876 
v3627:
v3628:3989 4914 
v3629:
v3630:3887 4057 4292 
v3631:3709 3900 3902 4830 
v3632:
v3633:4247 4542 4784 
v3634:3946 4667 
v3635:4282 
v3636:
v3637:3881 4692 
v3638:
v3639:4182 
v3640:3945 
v3641:3993 
v3642:4426 4534 
v3643:3705 4063 4119 4144 4559 4639 
v3644:4063 4911 
v3645:
v3646:4055 4172 4643 
v3647:
v3648:3906 
v3649:4037 
v3650:
v3651:3958 4253 4425 
v3652:
v3653:
v3654:4787 
v3655:4888 
v3656:4052 4513 4907 
v3657:3914 
v3658:
v3659:4440 
v3660:4494 
v3661:4133 4806 
v3662:4551 
v3663:4486 
v3664:3706 4881 
v3665:4268 4578 
v3666:4473 
v3667:4155 
v3668:
v3669:
v3670:4056 4124 4443 
v3671:4897 
v3672:3680 
v3673:3846 4995 
v3674:4397 4410 
v3675:3707 3712 4379 
v3676:4551 
v3677:4667 
v3678:3705 
v3679:3906 4764 4941 
v3680:4956 
v3681:4087 4431 
v3682:3931 4268 
v3683:3744 
v3684:
v3685:4431 4568 
v3686:
v3687:
v3688:3785 4090 4128 4238 4946 
v3689:3782 
v3690:4745 
v3691:4792 
v3692:3974 4022 4855 
v3693:
v3694:3880 
v3695:4790 4935 
v3696:4154 4631 
v3697:3787 
v3698:4819 
v3699:
v3700:
v3701:3872 
v3702:3931 3932 
v3703:4394 
v3704:4743 
v3705:4785 4995 
v3706:
v3707:4581 4809 4907 
v3708:4033 
v3709:4142 4145 4513 
v3710:3830 4339 
v3711:
v3712:
v3713:
v3714:
v3715:4133 
v3716:
v3717:4004 4475 
v3718:
v3719:4940 
v3720:4910 
v3721:3865 
v3722:4065 
v3723:4671 
v3724:4839 4981 
v3725:4476 
v3726:4766 
v3727:4707 
v3728:4196 4961 
v3729:
v3730:3952 
v3731:4373 4873 
v3732:4386 4805 
v3733:3794 4083 
v3734:4540 
v3735:4001 
v3736:4970 
v3737:4660 4993 
v3738:4811 4834 
v3739:
v3740:4590 
v3741:4657 
v3742:4452 4868 4928 
v3743:4654 
v3744:3881 4309 
v3745:3937 4337 
v3746:
v3747:
v3748:4331 
v3749:
v3750:
v3751:3821 4270 4971 
v3752:3959 
v3753:4562 4732 
v3754:4683 
v3755:3780 
v3756:
v3757:4324 
v3758:
v3759:4320 
v3760:3931 
v3761:4138 4151 
v3762:3929 4073 
v3763:4045 4662 
v3764:4901 
v3765:4325 
v3766:4324 4574 
v3767:
v3768:4843 
v3769:4279 4951 
v3770:4715 
v3771:4320 
v3772:4702 4755 
v3773:3893 4109 
v3774:4815 
v3775:4279 
v3776:4274 4398 
v3777:4350 
v3778:
v3779:
v3780:
v3781:
v3782:
v3783:4993 
v3784:4363 
v3785:3981 
v3786:3997 4977 
v3787:3853 4477 4592 
v3788:
v3789:3851 3958 
v3790:4591 
v3791:4014 
v3792:4372 4911 
v3793:
v3794:4336 
v3795:4075 
v3796:4929 
v3797:
v3798:
v3799:4598 
v3800:4654 4738 
v3801:3912 
v3802:4226 4275 
v3803:4386 
v3804:3922 
v3805:3915 4986 
v3806:4035 4624 
v3807:3971 4072 4881 
v3808:
v3809:4264 
v3810:
v3811:4065 4229 
v3812:3966 4632 4820 
v3813:4028 
v3814:4703 
v3815:4008 
v3816:4846 
v3817:4452 
v3818:4123 4459 
v3819:
v3820:4603 
v3821:
v3822:4268 4707 
v3823:4414 4629 
v3824:4197 
v3825:4681 
v3826:
v3827:
v3828:
v3829:3868 
v3830:4064 
v3831:4981 
v3832:
v3833:4317 
v3834:4398 4449 
v3835:4046 4504 
v3836:4004 
v3837:4762 4840 
v3838:4556 
v3839:4226 4765 
v3840:4629 
v3841:4537 
v3842:
v3843:
v3844:4542 4582 4910 
v3845:4790 4951 
v3846:4212 
v3847:
v3848:
v3849:4193 
v3850:4160 4840 
v3851:
v3852:
v3853:
v3854:4821 
v3855:4404 
v3856:4067 
v3857:4127 4851 
v3858:4605 
v3859:
v3860:4246 4696 
v3861:4071 4096 
v3862:4463 
v3863:4249 4645 
v3864:4521 
v3865:4284 4296 
v3866:
v3867:
v3868:
v3869:
v3870:4774 
v3871:4311 
v3872:4092 4299 
v3873:4288 4392 
v3874:
v3875:4459 
v3876:4460 
v3877:4619 
v3878:4386 4570 
v3879:4587 4799 4950 4977 
v3880:3920 4283 4831 
v3881:4421 
v3882:
v3883:4046 4212 4559 
v3884:4820 
v3885:4378 4749 4784 
v3886:4431 4769 
v3887:4515 
v3888:
v3889:3942 
v3890:4305 
v3891:4592 
v3892:4043 
v3893:4358 4385 4537 4934 
v3894:
v3895:
v3896:
v3897:4281 4443 
v3898:4798 
v3899:4390 
v3900:
v3901:4026 4966 
v3902:4024 
v3903:
v3904:4325 
v3905:3916 4401 4906 
v3906:4988 
v3907:4697 
v3908:4427 4435 4614 
v3909:
v3910:4400 
v3911:
v3912:4069 4803 4941 
v3913:
v3914:4159 
v3915:4197 
v3916:4021 4990 
v3917:4194 
v3918:4219 4907 
v3919:4485 
v3920:4084 
v3921:4159 4830 
v3922:4315 4938 
v3923:
v3924:4901 
v3925:3933 
v3926:4277 
v3927:3948 4985 
v3928:4164 4304 
v3929:3935 4767 
v3930:
v3931:4764 4815 
v3932:4780 
v3933:
v3934:4914 
v3935:4701 
v3936:4604 
v3937:3964 
v3938:
v3939:
v3940:
v3941:
v3942:4417 
v3943:3954 4212 
v3944:4743 
v3945:4939 
v3946:4017 4219 
v3947:
v3948:
v3949:4833 4837 
v3950:4145 4856 
v3951:4504 
v3952:4992 
v3953:4978 
v3954:4431 
v3955:
v3956:3997 4463 
v3957:4162 4628 4922 
v3958:4788 
v3959:4234 4383 
v3960:4500 4632 
v3961:4236 4368 
v3962:4505 
v3963:4588 4665 
v3964:
v3965:4193 4755 
v3966:4609 
v3967:
v3968:4580 
v3969:
v3970:4021 4164 4698 
v3971:4171 
v3972:
v3973:
v3974:4169 4945 
v3975:4086 4136 
v3976:4328 
v3977:4168 
v3978:
v3979:
v3980:4437 
v3981:
v3982:4867 
v3983:
v3984:
v3985:4805 4817 
v3986:4749 
v3987:4942 4966 
v3988:4748 
v3989:4190 4306 
v3990:
v3991:
v3992:
v3993:4594 
v3994:
v3995:4925 
v3996:
v3997:4367 4636 
v3998:4080 
v3999:4401 
v4000:
v4001:4454 
v4002:
v4003:4626 
v4004:4788 
v4005:4123 4924 
v4006:4199 
v4007:4620 
v4008:4067 
v4009:4343 4523 4720 4943 
v4010:
v4011:4964 
v4012:4920 
v4013:
v4014:
v4015:4164 
v4016:
v4017:
v4018:4273 4771 
v4019:
v4020:4087 
v4021:
v4022:
v4023:4143 
v4024:4615 4739 
v4025:4726 
v4026:4129 4543 4811 
v4027:4102 
v4028:4438 
v4029:
v4030:4389 4398 
v4031:4354 4595 
v4032:4152 4251 4422 
v4033:
v4034:4416 
v4035:
v4036:4299 
v4037:4596 
v4038:
v4039:4752 
v4040:4440 4740 4859 
v4041:4516 
v4042:
v4043:4142 4188 
v4044:4277 4313 
v4045:
v4046:
v4047:4332 4874 
v4048:
v4049:4343 
v4050:
v4051:4661 
v4052:
v4053:4774 4873 4932 
v4054:4920 4928 
v4055:4387 
v4056:
v4057:4477 4972 
v4058:4085 4205 4383 4768 
v4059:
v4060:
v4061:
v4062:4615 4828 
v4063:
v4064:4221 4235 
v4065:4066 4113 
v4066:
v4067:4248 4722 
v4068:
v4069:4523 
v4070:4860 
v4071:
v4072:4160 4914 
v4073:
v4074:
v4075:
v4076:4893 4984 
v4077:4942 
v4078:4661 4864 
v4079:
v4080:4095 4615 
v4081:4724 
v4082:
v4083:4885 
v4084:
v4085:
v4086:
v4087:4746 4943 
v4088:
v4089:
v4090:
v4091:4896 
v4092:4158 4349 
v4093:4753 4812 
v4094:4531 
v4095:4274 4939 
v4096:4451 
v4097:4443 
v4098:4137 4239 4913 
v4099:4433 4466 4521 4817 
v4100:
v4101:
v4102:
v4103:4496 
v4104:
v4105:4848 
v4106:4560 4755 
v4107:
v4108:4231 
v4109:
v4110:
v4111:4312 4564 
v4112:
v4113:
v4114:4779 4915 
v4115:4717 
v4116:4693 
v4117:4432 
v4118:4992 
v4119:
v4120:4165 4591 
v4121:4191 
v4122:4924 
v4123:4666 
v4124:
v4125:
v4126:4682 
v4127:
v4128:4719 
v4129:
v4130:4176 
v4131:4602 
v4132:4548 
v4133:4540 
v4134:4635 
v4135:
v4136:4234 
v4137:4300 
v4138:
v4139:
v4140:4710 4712 
v4141:4301 4322 
v4142:
v4143:
v4144:
v4145:4714 
v4146:4884 
v4147:4267 
v4148:
v4149:4902 4963 
v4150:4403 
v4151:4387 4564 
v4152:
v4153:4794 
v4154:4784 
v4155:
v4156:
v4157:4549 
v4158:4958 
v4159:
v4160:4271 4641 4938 
v4161:4519 
v4162:4504 
v4163:4484 
v4164:4961 
v4165:
v4166:4282 
v4167:
v4168:
v4169:4765 
v4170:4277 4802 
v4171:4221 4874 4929 
v4172:
v4173:
v4174:4498 
v4175:
v4176:
v4177:4302 
v4178:4305 
v4179:
v4180:
v4181:
v4182:4264 
v4183:
v4184:4690 
v4185:4541 
v4186:
v4187:4341 
v4188:4340 
v4189:4537 
v4190:4611 
v4191:
v4192:
v4193:4484 4826 
v4194:4302 
v4195:
v4196:
v4197:4448 4809 4866 4977 
v4198:4477 
v4199:4806 
v4200:4778 
v4201:
v4202:4559 4750 
v4203:
v4204:
v4205:
v4206:
v4207:4615 
v4208:
v4209:
v4210:4306 
v4211:
v4212:4717 
v4213:
v4214:
v4215:4304 4733 
v4216:
v4217:4279 4481 4759 4911 
v4218:4329 4449 
v4219:4621 
v4220:4684 4963 
v4221:4523 
v4222:4797 
v4223:
v4224:4931 
v4225:4228 4652 4768 
v4226:
v4227:
v4228:4577 4647 
v4229:4640 
v4230:4438 
v4231:4657 
v4232:4518 4623 
v4233:4774 
v4234:
v4235:
v4236:4784 
v4237:
v4238:
v4239:
v4240:
v4241:4569 
v4242:4731 
v4243:
v4244:
v4245:
v4246:
v4247:
v4248:
v4249:4703 
v4250:4391 4489 
v4251:
v4252:
v4253:
v4254:
v4255:4456 
v4256:4639 
v4257:4601 4837 
v4258:
v4259:
v4260:4882 
v4261:
v4262:4717 4939 
v4263:
v4264:4683 
v4265:
v4266:
v4267:4588 4629 
v4268:4365 
v4269:4644 
v4270:4710 
v4271:
v4272:
v4273:
v4274:
v4275:
v4276:4339 
v4277:4661 
v4278:
v4279:4706 
v4280:
v4281:4654 
v4282:
v4283:4917 
v4284:
v4285:
v4286:
v4287:4704 
v4288:
v4289:4903 
v4290:
v4291:4767 
v4292:
v4293:
v4294:4636 4833 
v4295:4710 4711 
v4296:4435 
v4297:
v4298:
v4299:
v4300:
v4301:
v4302:4445 4457 4650 
v4303:4913 
v4304:4471 
v4305:4735 4865 
v4306:4660 4906 
v4307:
v4308:
v4309:
v4310:
v4311:
v4312:4920 
v4313:4773 
v4314:4455 
v4315:4842 
v4316:4720 
v4317:4399 4474 
v4318:
v4319:
v4320:
v4321:4991 
v4322:
v4323:4389 
v4324:4459 4937 
v4325:
v4326:4806 
v4327:
v4328:4826 
v4329:
v4330:4834 4987 
v4331:4379 
v4332:4826 
v4333:4336 
v4334:
v4335:
v4336:4585 4886 
v4337:
v4338:
v4339:4633 
v4340:4654 
v4341:4467 
v4342:
v4343:4513 
v4344:4564 
v4345:
v4346:4374 4676 
v4347:4868 4894 
v4348:
v4349:4562 
v4350:4882 
v4351:
v4352:4696 4846 
v4353:4785 
v4354:4507 
v4355:
v4356:
v4357:4810 
v4358:
v4359:
v4360:4974 
v4361:
v4362:
v4363:4777 
v4364:
v4365:
v4366:4910 
v4367:
v4368:
v4369:4704 
v4370:4767 
v4371:
v4372:
v4373:4402 4504 4686 
v4374:4994 
v4375:
v4376:4645 
v4377:4620 
v4378:
v4379:
v4380:
v4381:4998 
v4382:4976 
v4383:4826 4875 
v4384:4478 
v4385:4444 
v4386:4544 4628 
v4387:
v4388:4536 4643 
v4389:4736 
v4390:
v4391:4670 
v4392:
v4393:
v4394:4625 4652 
v4395:
v4396:4526 4806 
v4397:
v4398:4713 
v4399:
v4400:4546 4807 
v4401:
v4402:4514 4816 
v4403:4670 
v4404:4465 4870 
v4405:
v4406:4426 
v4407:4809 
v4408:4434 4888 
v4409:4428 
v4410:4491 
v4411:4881 
v4412:
v4413:4418 4913 
v4414:
v4415:
v4416:
v4417:
v4418:4812 
v4419:
v4420:
v4421:4549 
v4422:
v4423:
v4424:4561 4575 4779 
v4425:4567 
v4426:4902 
v4427:
v4428:
v4429:4485 4647 4676 
v4430:4469 
v4431:4829 4911 
v4432:4872 
v4433:
v4434:4517 
v4435:
v4436:4601 
v4437:4692 4808 
v4438:4598 
v4439:
v4440:
v4441:4502 
v4442:
v4443:
v4444:
v4445:
v4446:4950 
v4447:4879 
v4448:4487 4769 4774 
v4449:4853 
v4450:4533 4838 
v4451:
v4452:
v4453:
v4454:
v4455:
v4456:
v4457:
v4458:4526 4606 4661 4708 4756 
v4459:
v4460:
v4461:
v4462:4789 
v4463:4660 
v4464:4747 
v4465:
v4466:
v4467:4673 
v4468:
v4469:
v4470:4524 4990 
v4471:
v4472:
v4473:4634 
v4474:
v4475:4496 4813 4832 
v4476:
v4477:
v4478:
v4479:
v4480:4884 
v4481:
v4482:
v4483:
v4484:
v4485:4957 
v4486:
v4487:4651 
v4488:
v4489:4723 
v4490:4948 
v4491:4637 
v4492:4734 
v4493:4619 
v4494:4786 4891 
v4495:4554 
v4496:
v4497:
v4498:4771 4951 
v4499:
v4500:
v4501:4603 4612 4848 
v4502:
v4503:4981 
v4504:
v4505:
v4506:
v4507:4541 4759 
v4508:4594 
v4509:4919 
v4510:4893 
v4511:4687 4756 
v4512:4758 
v4513:
v4514:
v4515:
v4516:4528 4585 4783 
v4517:
v4518:
v4519:4841 
v4520:
v4521:
v4522:
v4523:4572 
v4524:
v4525:4910 
v4526:
v4527:
v4528:
v4529:
v4530:4863 4900 4953 
v4531:4836 
v4532:
v4533:4541 4568 4942 
v4534:4955 
v4535:4729 
v4536:4741 4935 
v4537:4722 
v4538:4689 4709 
v4539:
v4540:4621 
v4541:
v4542:4931 
v4543:
v4544:
v4545:
v4546:4751 
v4547:
v4548:4639 
v4549:
v4550:
v4551:4995 
v4552:4572 
v4553:4744 4915 
v4554:4664 4913 
v4555:
v4556:
v4557:
v4558:
v4559:
v4560:
v4561:
v4562:4811 
v4563:
v4564:
v4565:
v4566:4757 
v4567:
v4568:
v4569:
v4570:
v4571:4629 
v4572:
v4573:
v4574:
v4575:
v4576:
v4577:
v4578:
v4579:
v4580:4719 
v4581:
v4582:
v4583:
v4584:4782 
v4585:4677 
v4586:
v4587:4624 
v4588:
v4589:
v4590:
v4591:4925 
v4592:4744 
v4593:4861 
v4594:
v4595:
v4596:
v4597:4918 
v4598:
v4599:
v4600:4715 
v4601:
v4602:
v4603:
v4604:
v4605:4751 
v4606:
v4607:
v4608:4630 
v4609:4939 
v4610:
v4611:
v4612:
v4613:4812 
v4614:
v4615:
v4616:
v4617:4737 
v4618:
v4619:4664 4814 
v4620:
v4621:
v4622:
v4623:4740 
v4624:4668 4969 
v4625:
v4626:4864 
v4627:4717 
v4628:
v4629:4646 4657 4884 4937 
v4630:4731 
v4631:
v4632:4806 4881 
v4633:
v4634:4904 
v4635:
v4636:4856 
v4637:
v4638:
v4639:
v4640:
v4641:
v4642:
v4643:4648 
v4644:
v4645:
v4646:4763 
v4647:
v4648:
v4649:
v4650:
v4651:
v4652:4955 
v4653:
v4654:
v4655:
v4656:
v4657:4732 
v4658:
v4659:4731 
v4660:
v4661:
v4662:
v4663:4698 4741 
v4664:
v4665:
v4666:
v4667:
v4668:
v4669:4888 4909 4985 
v4670:4744 
v4671:4740 
v4672:
v4673:
v4674:
v4675:
v4676:
v4677:4748 4776 
v4678:4709 
v4679:
v4680:
v4681:4702 
v4682:
v4683:
v4684:4943 
v4685:
v4686:
v4687:
v4688:4930 4993 
v4689:
v4690:4797 
v4691:
v4692:
v4693:4861 
v4694:4914 
v4695:
v4696:
v4697:
v4698:
v4699:
v4700:4896 4966 
v4701:
v4702:4709 
v4703:
v4704:
v4705:
v4706:
v4707:4897 
v4708:4752 
v4709:4791 
v4710:4833 
v4711:
v4712:
v4713:
v4714:
v4715:
v4716:
v4717:
v4718:4812 
v4719:
v4720:
v4721:
v4722:
v4723:
v4724:
v4725:
v4726:
v4727:
v4728:
v4729:
v4730:
v4731:4896 4909 
v4732:
v4733:
v4734:
v4735:
v4736:
v4737:4759 
v4738:4772 
v4739:
v4740:
v4741:
v4742:
v4743:
v4744:
v4745:
v4746:
v4747:4774 
v4748:4795 
v4749:
v4750:
v4751:
v4752:
v4753:
v4754:
v4755:4834 
v4756:
v4757:
v4758:
v4759:
v4760:4932 
v4761:
v4762:4780 
v4763:4901 
v4764:
v4765:
v4766:4865 
v4767:
v4768:
v4769:
v4770:4822 
v4771:
v4772:
v4773:4968 
v4774:4984 
v4775:
v4776:4947 
v4777:4800 
v4778:
v4779:
v4780:
v4781:4964 
v4782:
v4783:
v4784:
v4785:
v4786:
v4787:4883 
v4788:
v4789:
v4790:
v4791:
v4792:
v4793:
v4794:
v4795:
v4796:
v4797:
v4798:
v4799:4984 
v4800:
v4801:
v4802:4909 
v4803:
v4804:
v4805:
v4806:
v4807:
v4808:
v4809:
v4810:
v4811:
v4812:4961 
v4813:
v4814:
v4815:
v4816:
v4817:4818 4985 
v4818:
v4819:4909 
v4820:
v4821:
v4822:
v4823:
v4824:
v4825:
v4826:4950 
v4827:
v4828:
v4829:
v4830:
v4831:
v4832:
v4833:
v4834:
v4835:4912 
v4836:
v4837:4908 
v4838:
v4839:
v4840:
v4841:
v4842:
v4843:
v4844:
v4845:
v4846:
v4847:
v4848:
v4849:
v4850:4972 
v4851:
v4852:
v4853:
v4854:4947 4952 
v4855:
v4856:
v4857:
v4858:
v4859:4986 
v4860:
v4861:
v4862:
v4863:4890 
v4864:
v4865:
v4866:
v4867:
v4868:
v4869:
v4870:
v4871:
v4872:
v4873:
v4874:
v4875:
v4876:
v4877:4978 
v4878:
v4879:
v4880:
v4881:4896 
v4882:
v4883:
v4884:
v4885:
v4886:
v4887:
v4888:
v4889:
v4890:
v4891:4898 
v4892:
v4893:
v4894:4996 
v4895:
v4896:
v4897:
v4898:
v4899:
v4900:
v4901:
v4902:
v4903:
v4904:
v4905:
v4906:
v4907:
v4908:
v4909:
v4910:
v4911:
v4912:
v4913:
v4914:
v4915:
v4916:
v4917:
v4918:
v4919:
v4920:
v4921:
v4922:
v4923:4941 
v4924:
v4925:
v4926:
v4927:
v4928:
v4929:
v4930:
v4931:
v4932:
v4933:
v4934:
v4935:
v4936:
v4937:
v4938:
v4939:
v4940:
v4941:
v4942:
v4943:
v4944:
v4945:
v4946:
v4947:
v4948:
v4949:
v4950:
v4951:
v4952:
v4953:
v4954:
v4955:
v4956:4977 
v4957:
v4958:
v4959:
v4960:
v4961:
v4962:
v4963:
v4964:
v4965:
v4966:
v4967:
v4968:
v4969:
v4970:
v4971:
v4972:
v4973:
v4974:
v4975:4993 
v4976:
v4977:
v4978:
v4979:
v4980:
v4981:
v4982:
v4983:
v4984:
v4985:
v4986:
v4987:
v4988:
v4989:
v4990:
v4991:
v4992:
v4993:
v4994:
v4995:
v4996:
v4997:
v4998:
v4999:
